   3.9990000000000006        1.4402238560443186E-005   3.9244063634077011E-005
   7.9980000000000011        1.2939637776944720E-004   2.9550877955837081E-004
   11.997000000000000        4.6260868772520706E-004   9.5442150865289877E-004
   15.996000000000002        9.7959142398316529E-005   1.1312510732138668E-003
   19.995000000000005       -1.1827277659189726E-004   1.1709522824080438E-003
   23.994000000000000       -2.8983735944881922E-004   1.1988047511248170E-003
   27.993000000000002       -3.4395199239901258E-004   1.2699696615527366E-003
   31.992000000000004       -3.3201121619125246E-004   1.3742671035037500E-003
   35.991000000000007       -2.9282195495485881E-004   1.4925698445483802E-003
   39.990000000000009       -2.4609203901144767E-004   1.6144349958621355E-003
   43.989000000000011       -1.9904121893689645E-004   1.7369024826345957E-003
   47.988000000000000       -1.5300813153675138E-004   1.8597123676506429E-003
   51.987000000000002       -1.0790333309514762E-004   1.9830510430670868E-003
   55.986000000000004       -6.3574105232581490E-005   2.1065990249755874E-003
   59.985000000000014       -2.0294890937640089E-005   2.2305533368205113E-003
   63.984000000000009        2.2298085124800135E-005   2.3547512743650701E-003
   67.983000000000004        6.3896645261785870E-005   2.4790819068524917E-003
   71.982000000000014        1.0462490953381013E-004   2.6037204699707289E-003
   75.981000000000009        1.4458150520760000E-004   2.7283684329549346E-003
   79.980000000000018        1.8349886277714143E-004   2.8532045598045315E-003
   83.979000000000013        2.2169661573962776E-004   2.9780884880217747E-003
   87.978000000000023        2.5887908149890631E-004   3.1029069826737795E-003
   91.977000000000018        2.9515704287239725E-004   3.2278498642751589E-003
   95.975999999999999        3.3062125067781284E-004   3.3525942003220467E-003
   99.975000000000009        3.6497894022821935E-004   3.4773418421173811E-003
   103.97400000000000        3.9856105882690685E-004   3.6019166831857017E-003
   107.97300000000001        4.3105057610353650E-004   3.7262883946536495E-003
   111.97200000000001        4.6261779167020435E-004   3.8505539966972192E-003
   115.97100000000002        4.9325858166551404E-004   3.9744555368227859E-003
   119.97000000000003        5.2277115502388837E-004   4.0981825817426589E-003
   123.96900000000001        5.5144641174735456E-004   4.2215630982075708E-003
   127.96800000000002        5.7898971522447982E-004   4.3445671236557815E-003
   131.96700000000001        6.0557278455557434E-004   4.4673125078481726E-003
   135.96600000000001        6.3119334928835773E-004   4.5894708461638196E-003
   139.96500000000000        6.5562435492128447E-004   4.7113383290491827E-003
   143.96400000000003        6.7923473542393206E-004   4.8326320252129931E-003
   147.96300000000002        7.0163005553448312E-004   4.9533827010658869E-003
   151.96200000000002        7.2306194049567070E-004   5.0736595316511167E-003
   155.96100000000001        7.4347744810282805E-004   5.1931913260096618E-003
   159.96000000000004        7.6271395227716851E-004   5.3122033382290140E-003
   163.95900000000000        7.8107805833920211E-004   5.4304861848342842E-003
   167.95800000000003        7.9825407093162448E-004   5.5480074672131707E-003
   171.95700000000002        8.1444079402994947E-004   5.6648924098817530E-003
   175.95600000000005        8.2964428997490654E-004   5.7808245949055453E-003
   179.95500000000001        8.4367862042703597E-004   5.8960924535775006E-003
   183.95400000000004        8.5688521836717129E-004   6.0103709865032039E-003
   187.95300000000003        8.6888951801611597E-004   6.1237811711965396E-003
   191.95200000000000        8.8001598977249535E-004   6.2363046517859002E-003
   195.95100000000002        8.9013801482523030E-004   6.3476986887023188E-003
   199.95000000000002        8.9916523205998955E-004   6.4582014035965739E-003
   203.94900000000004        9.0739325915084536E-004   6.5675464528131243E-003
   207.94800000000001        9.1449772419922328E-004   6.6757562375057942E-003
   211.94700000000003        9.2074153941373936E-004   6.7829344260198886E-003
   215.94600000000003        9.2609172851366886E-004   6.8887158158435378E-003
   219.94500000000005        9.3037153878286765E-004   6.9934504987119780E-003
   223.94400000000002        9.3397158910220356E-004   7.0968021294371703E-003
   227.94300000000004        9.3653165214958151E-004   7.1988697531527287E-003
   231.94200000000004        9.3833809629456568E-004   7.2996158389400760E-003
   235.94100000000003        9.3930313850788621E-004   7.3988880128504630E-003
   239.94000000000005        9.3940332893677550E-004   7.4968367821847586E-003
   243.93900000000002        9.3885020767296462E-004   7.5932389835253180E-003
   247.93800000000002        9.3741532142247277E-004   7.6881370799754137E-003
   251.93700000000001        9.3532553624504379E-004   7.7815432813726796E-003
   255.93600000000004        9.3251311887755162E-004   7.8732219598517464E-003
   259.93500000000006        9.2894838145045279E-004   7.9634747108244495E-003
   263.93400000000003        9.2488628505379576E-004   8.0518756781534553E-003
   267.93300000000005        9.1999860969358110E-004   8.1386676677519375E-003
   271.93200000000002        9.1464633873665816E-004   8.2237295465471764E-003
   275.93100000000004        9.0868402712617933E-004   8.3069628213288463E-003
   279.93000000000001        9.0214782428835920E-004   8.3884955768356185E-003
   283.92900000000003        8.9519122286716931E-004   8.4681053272728738E-003
   287.92800000000005        8.8762290875182663E-004   8.5458918465141764E-003
   291.92700000000008        8.7971107963325879E-004   8.6218423302631495E-003
   295.92600000000004        8.7136074343694282E-004   8.6957560790081722E-003
   299.92500000000001        8.6255852844491026E-004   8.7678748346671775E-003
   303.92400000000004        8.5348224679898806E-004   8.8378374710081191E-003
   307.92300000000006        8.4393780736800135E-004   8.9059590682774355E-003
   311.92200000000003        8.3423116332659829E-004   8.9719929128798497E-003
   315.92100000000005        8.2415844532584821E-004   9.0359421726914878E-003
   319.92000000000007        8.1381742616637269E-004   9.0978883675368882E-003
   323.91900000000004        8.0331067390803930E-004   9.1576859959167610E-003
   327.91800000000001        7.9254199867992924E-004   9.2154548897772897E-003
   331.91700000000003        7.8169810615171930E-004   9.2710891078500429E-003
   335.91600000000005        7.7063754069140269E-004   9.3245155699380015E-003
   339.91500000000002        7.5947184195132968E-004   9.3759544401383552E-003
   343.91400000000004        7.4828210991872578E-004   9.4250835633662659E-003
   347.91300000000007        7.3695755262474902E-004   9.4722189991771465E-003
   351.91200000000009        7.2568178638954652E-004   9.5170494859684856E-003
   355.91100000000000        7.1429651672900681E-004   9.5597619371932032E-003
   359.91000000000003        7.0297196830345395E-004   9.6003380641123751E-003
   363.90900000000005        6.9169163908007307E-004   9.6386685667736345E-003
   367.90800000000007        6.8041930342630148E-004   9.6748902897786787E-003
   371.90700000000004        6.6925745992874703E-004   9.7088654478594497E-003
   375.90600000000006        6.5810630264324238E-004   9.7407127474651804E-003
   379.90500000000009        6.4717981879005757E-004   9.7705023321233968E-003
   383.90400000000000        6.3632914249813930E-004   9.7979452173394960E-003
   387.90300000000002        6.2559944627310236E-004   9.8234684743298151E-003
   391.90200000000004        6.1510305633135666E-004   9.8467035559816462E-003
   395.90100000000007        6.0471222698617972E-004   9.8679466570911548E-003
   399.90000000000003        5.9461322691166819E-004   9.8870924346931965E-003
   403.89900000000006        5.8465628353469032E-004   9.9040718989037956E-003
   407.89800000000008        5.7490524917493927E-004   9.9191260641216493E-003
   411.89700000000011        5.6545970063043131E-004   9.9320572117193081E-003
   415.89600000000002        5.5615027961828604E-004   9.9430196601525273E-003
   419.89500000000004        5.4721296807969523E-004   9.9520464278595993E-003
   423.89400000000006        5.3840708497509583E-004   9.9589646634970601E-003
   427.89300000000009        5.2992344334393889E-004   9.9641855621432456E-003
   431.89200000000005        5.2174461600776171E-004   9.9673375511759206E-003
   435.89100000000008        5.1378227842780453E-004   9.9687398880359806E-003
   439.89000000000010        5.0617004668787970E-004   9.9682925435597564E-003
   443.88900000000001        4.9878749767633666E-004   9.9660217551032701E-003
   447.88800000000003        4.9173862952899927E-004   9.9621237668589407E-003
   451.88700000000006        4.8502687858433479E-004   9.9564050122921150E-003
   455.88600000000008        4.7851193977872211E-004   9.9490665265752950E-003
   459.88500000000005        4.7241689796145327E-004   9.9401144981333955E-003
   463.88400000000007        4.6648429932077094E-004   9.9295210052439443E-003
   467.88300000000010        4.6099602943368832E-004   9.9174967653775405E-003
   471.88200000000006        4.5569024326373362E-004   9.9038093615821544E-003
   475.88100000000003        4.5069634793484152E-004   9.8888112600487958E-003
   479.88000000000011        4.4604912667696385E-004   9.8723394968727243E-003
   483.87900000000008        4.4161312993133326E-004   9.8545093368617963E-003
   487.87800000000004        4.3754113431053812E-004   9.8354266611670096E-003
   491.87700000000007        4.3371707400796688E-004   9.8149792500656363E-003
   495.87600000000003        4.3012973980441935E-004   9.7934498281063691E-003
   499.87500000000011        4.2698098163524551E-004   9.7706778691352796E-003
   503.87400000000002        4.2388872896861646E-004   9.7467919930017393E-003
   507.87300000000010        4.2127663580341398E-004   9.7218976160740322E-003
   511.87200000000007        4.1875842592576176E-004   9.6958900696941103E-003
   515.87099999999998        4.1658807514863814E-004   9.6690261865774868E-003
   519.87000000000012        4.1467525679648337E-004   9.6411453693209925E-003
   523.86900000000003        4.1291398783836872E-004   9.6124043734385559E-003
   527.86800000000005        4.1147472972096692E-004   9.5828893471030605E-003
   531.86700000000008        4.1023465754030984E-004   9.5525223877275800E-003
   535.86600000000010        4.0919003684538886E-004   9.5215157898432632E-003
   539.86500000000012        4.0847325209136896E-004   9.4897282656474062E-003
   543.86400000000003        4.0778749904703889E-004   9.4574057589273588E-003
   547.86300000000006        4.0755461365320450E-004   9.4244412854113252E-003
   551.86200000000008        4.0731145966300139E-004   9.3909582723270563E-003
   555.86100000000010        4.0743608581903597E-004   9.3569806139336513E-003
   559.86000000000001        4.0766382788492593E-004   9.3225003436670038E-003
   563.85900000000015        4.0809044608939400E-004   9.2876768688451728E-003
   567.85800000000006        4.0877780575887101E-004   9.2524074799540373E-003
   571.85699999999997        4.0953988255862221E-004   9.2167942891548133E-003
   575.85600000000011        4.1053059019193611E-004   9.1809473613204337E-003
   579.85500000000002        4.1172700026494667E-004   9.1446752745899876E-003
   583.85400000000016        4.1295154057041650E-004   9.1083906264468779E-003
   587.85300000000007        4.1459884063858995E-004   9.0716843426738563E-003
   591.85200000000009        4.1611133550940784E-004   9.0349439536632284E-003
   595.85100000000011        4.1804045778384713E-004   8.9980362258562166E-003
   599.85000000000002        4.2000611646703101E-004   8.9609715236268327E-003
   603.84900000000005        4.2216281636945014E-004   8.9239224849686615E-003
   607.84800000000007        4.2456025403287442E-004   8.8867015281024250E-003
   611.84700000000009        4.2699111791198317E-004   8.8494600614962490E-003
   615.84600000000012        4.2967884735055557E-004   8.8122912412105826E-003
   619.84500000000014        4.3254728892842267E-004   8.7749211479133948E-003
   623.84400000000005        4.3545274318518312E-004   8.7377845583249073E-003
   627.84300000000007        4.3870872427924845E-004   8.7004054449314142E-003
   631.84200000000010        4.4189124537224328E-004   8.6632725048101152E-003
   635.84100000000001        4.4547366696104796E-004   8.6260643996523643E-003
   639.84000000000015        4.4907582960772969E-004   8.5889124839115000E-003
   643.83900000000006        4.5290966131332597E-004   8.5518657847007320E-003
   647.83800000000008        4.5694516846519464E-004   8.5147896932983615E-003
   651.83700000000010        4.6109366379316181E-004   8.4778407929511045E-003
   655.83600000000001        4.6553792148971626E-004   8.4409769422809349E-003
   659.83500000000015        4.7011592330803475E-004   8.4040029980752377E-003
   663.83400000000006        4.7486286499601269E-004   8.3673107486636599E-003
   667.83300000000008        4.7991264862654970E-004   8.3303737297320737E-003
   671.83200000000011        4.8501745768436200E-004   8.2937094600335319E-003
   675.83100000000013        4.9049527862057808E-004   8.2568783883469159E-003
   679.83000000000004        4.9604442513081712E-004   8.2200870710892084E-003
   683.82900000000006        5.0186669839267085E-004   8.1833010167585950E-003
   687.82800000000009        5.0792266401482821E-004   8.1464247203571830E-003
   691.82700000000000        5.1416375829465167E-004   8.1095207535725900E-003
   695.82600000000014        5.2070191048729096E-004   8.0725511012342491E-003
   699.82500000000005        5.2741491784538675E-004   8.0353869285783655E-003
   703.82400000000018        5.3442287028305612E-004   7.9982610217137380E-003
   707.82300000000009        5.4167112386279109E-004   7.9607967479977670E-003
   711.82200000000000        5.4917831982143354E-004   7.9233379622683509E-003
   715.82100000000014        5.5695645368712492E-004   7.8854915966052683E-003
   719.82000000000005        5.6495793234190815E-004   7.8475186361837493E-003
   723.81900000000007        5.7327483526785925E-004   7.8092206309600051E-003
   727.81800000000010        5.8183092795229072E-004   7.7706008894716256E-003
   731.81700000000012        5.9064657742688203E-004   7.7316450583478809E-003
   735.81600000000014        5.9976012741495073E-004   7.6923009172261856E-003
   739.81500000000005        6.0908775634233860E-004   7.6525262884246381E-003
   743.81400000000008        6.1879615642686952E-004   7.6123421832532080E-003
   747.81300000000010        6.2865686460536550E-004   7.5715918949230097E-003
   751.81200000000013        6.3892509426602059E-004   7.5303902798926885E-003
   755.81100000000004        6.4934655023152600E-004   7.4885546347055873E-003
   759.81000000000017        6.6016407880664738E-004   7.4462099528165605E-003
   763.80900000000008        6.7121240152105016E-004   7.4031075394168254E-003
   767.80799999999999        6.8250657515048305E-004   7.3593935186633741E-003
   771.80700000000013        6.9412238889871416E-004   7.3149271480767502E-003
   775.80600000000004        7.0597563267027225E-004   7.2696663009733558E-003
   779.80500000000018        7.1805425622586852E-004   7.2236719566430097E-003
   783.80400000000009        7.3051033211308028E-004   7.1767112476481083E-003
   787.80300000000011        7.4298232222971112E-004   7.1289439984325818E-003
   791.80200000000013        7.5595245255445642E-004   7.0802381826397557E-003
   795.80100000000016        7.6894347915994286E-004   7.0305576593647614E-003
   799.80000000000007        7.8231415752371422E-004   6.9798975133392779E-003
   803.79900000000009        7.9579637017074397E-004   6.9281695968736456E-003
   807.79800000000012        8.0953026392463273E-004   6.8754291614362296E-003
   811.79700000000003        8.2347239850087402E-004   6.8215658709403319E-003
   815.79600000000016        8.3758639882563742E-004   6.7665444756673286E-003
   819.79500000000007        8.5183698201558747E-004   6.7104210891573181E-003
   823.79400000000021        8.6632031420712827E-004   6.6529688180094878E-003
   827.79300000000012        8.8078452894368693E-004   6.5944835195840736E-003
   831.79200000000003        8.9560729170442980E-004   6.5345341900670305E-003
   835.79100000000017        9.1025565218338933E-004   6.4734278614481545E-003
   839.79000000000008        9.2519520651415167E-004   6.4109416018879126E-003
   843.78900000000010        9.4006540421795264E-004   6.3471664391619798E-003
   847.78800000000012        9.5506776126869477E-004   6.2820325230200005E-003
   851.78700000000015        9.7005547157894478E-004   6.2155208126215547E-003
   855.78600000000017        9.8506078213557034E-004   6.1476110666993568E-003
   859.78500000000008        1.0000397170296816E-003   6.0783817641799761E-003
   863.78400000000011        1.0150457887010929E-003   6.0076158199151696E-003
   867.78300000000013        1.0299097785558225E-003   5.9356054604893385E-003
   871.78200000000015        1.0447906498805525E-003   5.8619319318219459E-003
   875.78100000000006        1.0594384401532433E-003   5.7870694017787749E-003
   879.78000000000020        1.0741071668918460E-003   5.7105568460075092E-003
   883.77900000000011        1.0884738008041701E-003   5.6327341561552575E-003
   887.77800000000002        1.1027630944250443E-003   5.5533697446738476E-003
   891.77700000000016        1.1167428908154075E-003   5.4726079149603835E-003
   895.77600000000007        1.1305629291807635E-003   5.3904208470177441E-003
   899.77500000000020        1.1441097865059944E-003   5.3067987418586385E-003
   903.77400000000011        1.1573212179257345E-003   5.2216920283865952E-003
   907.77300000000014        1.1702785052276113E-003   5.1353517064011457E-003
   911.77200000000016        1.1828699220216721E-003   5.0474259556901957E-003
   915.77100000000007        1.1951249359348527E-003   4.9583506530269938E-003
   919.77000000000010        1.2069831402775340E-003   4.8677094799222725E-003
   923.76900000000012        1.2183826584059414E-003   4.7759259629843818E-003
   927.76800000000014        1.2294185333791585E-003   4.6827227745536142E-003
   931.76700000000005        1.2399070923486901E-003   4.5883130128130042E-003
   935.76600000000019        1.2499523659121525E-003   4.4926124476023493E-003
   939.76500000000010        1.2594475228557564E-003   4.3956907774546465E-003
   943.76400000000012        1.2683358245974795E-003   4.2976035257200323E-003
   947.76300000000015        1.2768004145562715E-003   4.1983981885268754E-003
   951.76200000000006        1.2844853228526011E-003   4.0980083871803479E-003
   955.76100000000019        1.2917200942353904E-003   3.9966405931843620E-003
   959.76000000000022        1.2981678907887950E-003   3.8941719446697271E-003
   963.75900000000001        1.3040853996000297E-003   3.7908321326318587E-003
   967.75800000000015        1.3092651218558707E-003   3.6864537012626739E-003
   971.75700000000018        1.3137444892929015E-003   3.5812619523859172E-003
   975.75600000000009        1.3175096929957080E-003   3.4751862612298454E-003
   979.75500000000011        1.3205534026069804E-003   3.3683597198100783E-003
   983.75400000000013        1.3228027643719955E-003   3.2608138142016878E-003
   987.75300000000027        1.3243730674359826E-003   3.1524733912016239E-003
   991.75200000000007        1.3249492384509926E-003   3.0436472437422148E-003
   995.75100000000009        1.3249921310600787E-003   2.9341251013309151E-003
   999.75000000000023        1.3239607257355792E-003   2.8241892308730390E-003
   1003.7490000000000        1.3223336218756837E-003   2.7137158365586381E-003
   1007.7480000000000        1.3196706221564453E-003   2.6028540483130922E-003
   1011.7470000000002        1.3163073470640147E-003   2.4917357037065814E-003
   1015.7460000000002        1.3120591878411152E-003   2.3802705786328433E-003
   1019.7450000000001        1.3069685419812586E-003   2.2686017117319853E-003
   1023.7440000000001        1.3009877036776480E-003   2.1568380050947856E-003
   1027.7430000000002        1.2942167989561219E-003   2.0448441145308519E-003
   1031.7420000000000        1.2864895409883867E-003   1.9330641693626150E-003
   1035.7410000000002        1.2780681196582488E-003   1.8210025482547280E-003
   1039.7400000000002        1.2685485336175737E-003   1.7092931977243488E-003
   1043.7390000000003        1.2584042078856547E-003   1.5975495450524574E-003
   1047.7380000000001        1.2472227350728091E-003   1.4861517464991212E-003
   1051.7370000000001        1.2353693342354805E-003   1.3749556914861038E-003
   1055.7360000000001        1.2225321581805541E-003   1.2640972535583263E-003
   1059.7350000000001        1.2089510504848457E-003   1.1536555775941715E-003
   1063.7340000000002        1.1945601589321178E-003   1.0437317054227549E-003
   1067.7330000000002        1.1793724258010666E-003   9.3420195330089543E-004
   1071.7320000000002        1.1634178263713758E-003   8.2541192166059817E-004
   1075.7310000000000        1.1466561045669805E-003   7.1703550599907357E-004
   1079.7300000000002        1.1291894626807796E-003   6.0963413012350524E-004
   1083.7290000000003        1.1110391427723912E-003   5.0269221531443772E-004
   1087.7280000000001        1.0920733567508531E-003   3.9675579515950372E-004
   1091.7270000000001        1.0725415775650758E-003   2.9148451515328321E-004
   1095.7260000000001        1.0522003401359924E-003   1.8724135285498573E-004
   1099.7250000000001        1.0313754652377968E-003   8.3904646637952536E-005
   1103.7240000000002        1.0098899511977693E-003  -1.8482330984447969E-005
   1107.7230000000002        9.8771653514497654E-004  -1.1981333421652785E-004
   1111.7220000000002        9.6518716390052699E-004  -2.2003773133766883E-004
   1115.7210000000000        9.4191083709004649E-004  -3.1916459807719214E-004
   1119.7200000000000        9.1841150449251520E-004  -4.1703939896857114E-004
   1123.7190000000003        8.9423526454352094E-004  -5.1390060240503002E-004
   1127.7180000000003        8.6971261071630058E-004  -6.0930802491751545E-004
   1131.7170000000001        8.4484775433127379E-004  -7.0359917745665068E-004
   1135.7160000000001        8.1957068544587751E-004  -7.9648488368737683E-004
   1139.7150000000001        7.9399998257226366E-004  -8.8812010264554360E-004
   1143.7139999999999        7.6813052320434010E-004  -9.7842200844051419E-004
   1147.7130000000002        7.4192666000198000E-004  -1.0672049306665083E-003
   1151.7120000000002        7.1573938530504911E-004  -1.1547542388097624E-003
   1155.7110000000002        6.8908251874487576E-004  -1.2407403530045992E-003
   1159.7100000000000        6.6256315135948616E-004  -1.3254341176436603E-003
   1163.7090000000001        6.3567347017191573E-004  -1.4085274309948812E-003
   1167.7080000000003        6.0900884743552884E-004  -1.4901720404609325E-003
   1171.7070000000001        5.8213254598143060E-004  -1.5703925206981175E-003
   1175.7060000000001        5.5537208911408693E-004  -1.6490567973786617E-003
   1179.7050000000002        5.2860600863232558E-004  -1.7262563439054972E-003
   1183.7040000000002        5.0199697669281538E-004  -1.8019375297712585E-003
   1187.7030000000002        4.7550483510325821E-004  -1.8760180136515180E-003
   1191.7020000000002        4.4920992387578718E-004  -1.9488554429605393E-003
   1195.7010000000002        4.2299273774588485E-004  -2.0198453237589243E-003
   1199.7000000000000        3.9722989687259716E-004  -2.0896611546189145E-003
   1203.6990000000001        3.7153141402434045E-004  -2.1576943439143479E-003
   1207.6980000000001        3.4638001290606053E-004  -2.2244709865982940E-003
   1211.6970000000003        3.2133441465348142E-004  -2.2896584776813554E-003
   1215.6960000000001        2.9687052336640541E-004  -2.3533796194521858E-003
   1219.6950000000002        2.7275061921526792E-004  -2.4156296978972659E-003
   1223.6940000000002        2.4911956462092967E-004  -2.4765107092877955E-003
   1227.6930000000000        2.2597064440961067E-004  -2.5358696795492637E-003
   1231.6920000000002        2.0328612734499707E-004  -2.5939543733879311E-003
   1235.6910000000003        1.8126427256413363E-004  -2.6504526204809741E-003
   1239.6900000000003        1.5972020128863905E-004  -2.7058369886345519E-003
   1243.6890000000001        1.3881814041720008E-004  -2.7596639544645333E-003
   1247.6880000000001        1.1852918414996674E-004  -2.8124016204647299E-003
   1251.6870000000001        9.8842262062846223E-005  -2.8636147560067186E-003
   1255.6860000000001        7.9953298392755991E-005  -2.9137645894914419E-003
   1259.6850000000002        6.1611541951265213E-005  -2.9625886205727377E-003
   1263.6840000000002        4.4033461135278796E-005  -3.0102170127919220E-003
   1267.6830000000002        2.7267756577272655E-005  -3.0566983205036606E-003
   1271.6820000000000        1.1069012798988918E-005  -3.1019570598081916E-003
   1275.6810000000003       -4.0909378081563775E-006  -3.1461930319806402E-003
   1279.6800000000003       -1.8811209368818703E-005  -3.1893055564805074E-003
   1283.6790000000001       -3.2442976471592751E-005  -3.2313133341476817E-003
   1287.6780000000001       -4.5471818967292201E-005  -3.2724004152572786E-003
   1291.6770000000001       -5.7596663983282590E-005  -3.3123965568861739E-003
   1295.6760000000002       -6.8984860484564613E-005  -3.3515690456220426E-003
   1299.6750000000002       -7.9541663277054756E-005  -3.3897333372710078E-003
   1303.6740000000002       -8.9307000856251977E-005  -3.4269898348632689E-003
   1307.6730000000002       -9.8184683447599018E-005  -3.4635428954856943E-003
   1311.6720000000000       -1.0642942553734200E-004  -3.4990414983786791E-003
   1315.6710000000000       -1.1363480261013031E-004  -3.5340335031377860E-003
   1319.6700000000003       -1.2031259399726419E-004  -3.5679697974027678E-003
   1323.6690000000003       -1.2589141917382598E-004  -3.6013896350405735E-003
   1327.6680000000001       -1.3096242204020501E-004  -3.6340138467854939E-003
   1331.6670000000001       -1.3506512506205069E-004  -3.6660015323017620E-003
   1335.6660000000002       -1.3853114296141821E-004  -3.6973070057654150E-003
   1339.6650000000000       -1.4114946334834279E-004  -3.7280816211149826E-003
   1343.6640000000002       -1.4313518053106017E-004  -3.7581655950646988E-003
   1347.6630000000002       -1.4434775970258043E-004  -3.7878777718314844E-003
   1351.6620000000003       -1.4492467051093245E-004  -3.8168399603502341E-003
   1355.6610000000001       -1.4479502706115602E-004  -3.8455390275809035E-003
   1359.6600000000001       -1.4404377661797398E-004  -3.8735276107623672E-003
   1363.6590000000003       -1.4264809999591090E-004  -3.9013083585924357E-003
   1367.6580000000001       -1.4071923485203119E-004  -3.9284206540677472E-003
   1371.6570000000002       -1.3811407250071545E-004  -3.9552912078906349E-003
   1375.6560000000002       -1.3504937696245728E-004  -3.9816399718825835E-003
   1379.6550000000002       -1.3142996446033128E-004  -4.0077236643614759E-003
   1383.6540000000000       -1.2731722807889529E-004  -4.0333209060396599E-003
   1387.6530000000002       -1.2279853164108036E-004  -4.0586906590966126E-003
   1391.6520000000003       -1.1776309577614818E-004  -4.0836365124145516E-003
   1395.6510000000001       -1.1248253539990212E-004  -4.1083224390174719E-003
   1399.6500000000001       -1.0668780545610476E-004  -4.1326900849778907E-003
   1403.6490000000001       -1.0076458216701711E-004  -4.1567564651743853E-003
   1407.6480000000004       -9.4372086753306941E-005  -4.1805167345147906E-003
   1411.6470000000002       -8.7907504506496499E-005  -4.2040439835530057E-003
   1415.6460000000002       -8.1089645318371096E-005  -4.2272204688100432E-003
   1419.6450000000002       -7.4230480842093436E-005  -4.2501860072794127E-003
   1423.6440000000000       -6.7098851872451459E-005  -4.2728245924120115E-003
   1427.6430000000003       -5.9997020178639685E-005  -4.2951831732340670E-003
   1431.6420000000003       -5.2697469620792273E-005  -4.3173569151636528E-003
   1435.6410000000003       -4.5524929289511654E-005  -4.3390674633929510E-003
   1439.6400000000001       -3.8172043234459063E-005  -4.3607358484877793E-003
   1443.6390000000001       -3.1095627586859081E-005  -4.3818989680129289E-003
   1447.6380000000001       -2.3883725389891371E-005  -4.4029665820696211E-003
   1451.6370000000002       -1.7020919265464663E-005  -4.4235800266691589E-003
   1455.6360000000002       -1.0098599008861309E-005  -4.4440432602737261E-003
   1459.6350000000002       -3.6102616272201606E-006  -4.4640739575182286E-003
   1463.6340000000002        2.8462250010301564E-006  -4.4838927042504025E-003
   1467.6330000000000        8.8939768002777866E-006  -4.5032548847571590E-003
   1471.6320000000003        1.4711413975396838E-005  -4.5224287248805829E-003
   1475.6310000000003        2.0180567101148498E-005  -4.5410585838747347E-003
   1479.6300000000001        2.5265505874648604E-005  -4.5595225758182922E-003
   1483.6290000000001        2.9976685148946528E-005  -4.5773696780113220E-003
   1487.6280000000002        3.4278152212582815E-005  -4.5950609811011732E-003
   1491.6270000000002        3.8058420620059908E-005  -4.6121240916497845E-003
   1495.6260000000002        4.1419401848012715E-005  -4.6289640865366591E-003
   1499.6250000000002        4.4207288040785307E-005  -4.6451661882831834E-003
   1503.6240000000003        4.6485679439427544E-005  -4.6611007347080215E-003
   1507.6230000000000        4.8193025450153762E-005  -4.6764319915735646E-003
   1511.6220000000001        4.9243098349036220E-005  -4.6913478692218449E-003
   1515.6210000000003        4.9811216104824819E-005  -4.7057336928714244E-003
   1519.6200000000003        4.9580013186907292E-005  -4.7195813966731870E-003
   1523.6190000000001        4.8893283184500339E-005  -4.7329316830818959E-003
   1527.6180000000002        4.7327560726095333E-005  -4.7456919848934817E-003
   1531.6170000000002        4.5303411284954725E-005  -4.7578740620848377E-003
   1535.6160000000000        4.2378880471209864E-005  -4.7694913413070346E-003
   1539.6150000000002        3.8960685271662975E-005  -4.7804814554951456E-003
   1543.6140000000003        3.4604736369500867E-005  -4.7908990525654584E-003
   1547.6130000000003        2.9706187085472876E-005  -4.8006709439780849E-003
   1551.6120000000001        2.3934916186217826E-005  -4.8097593680301613E-003
   1555.6110000000001        1.7524682435011161E-005  -4.8183347305202516E-003
   1559.6100000000004        1.0255110179084432E-005  -4.8260574816783031E-003
   1563.6090000000004        2.3517796826742635E-006  -4.8333602881629346E-003
   1567.6080000000002       -6.4568146809077030E-006  -4.8396811691299125E-003
   1571.6070000000002       -1.5774438565278198E-005  -4.8456118005720840E-003
   1575.6060000000002       -2.6133661449327875E-005  -4.8505915158334884E-003
   1579.6050000000000       -3.6932128991224350E-005  -4.8550675064943233E-003
   1583.6040000000003       -4.8713604388304004E-005  -4.8586601216009584E-003
   1587.6030000000003       -6.1023828991549873E-005  -4.8616500342067775E-003
   1591.6020000000003       -7.4123518202232557E-005  -4.8638638486123743E-003
   1595.6010000000001       -8.7990708264364912E-005  -4.8654489299329038E-003
   1599.6000000000001       -1.0241906557794718E-004  -4.8661689193678186E-003
   1603.5990000000004       -1.1764578228113348E-004  -4.8663661637333086E-003
   1607.5980000000002       -1.3344741171948747E-004  -4.8656470676032059E-003
   1611.5970000000002       -1.4996143691240054E-004  -4.8645010081416187E-003
   1615.5960000000002       -1.6711813985239064E-004  -4.8623615475570326E-003
   1619.5950000000003       -1.8481203776340768E-004  -4.8597605823338498E-003
   1623.5940000000001       -2.0312690173330918E-004  -4.8563327360146031E-003
   1627.5930000000003       -2.2204691655514948E-004  -4.8523136376453996E-003
   1631.5920000000003       -2.4140691416431060E-004  -4.8476268014182779E-003
   1635.5910000000001       -2.6143190649073627E-004  -4.8421955692273706E-003
   1639.5900000000001       -2.8170788882061072E-004  -4.8362622637872195E-003
   1643.5890000000002       -3.0272407256162032E-004  -4.8296122484656166E-003
   1647.5880000000004       -3.2391328578821156E-004  -4.8224554084391226E-003
   1651.5870000000002       -3.4577441268431248E-004  -4.8146436007215415E-003
   1655.5860000000002       -3.6773617398296748E-004  -4.8063203091598047E-003
   1659.5850000000003       -3.9031513186240030E-004  -4.7974637002638383E-003
   1663.5840000000001       -4.1301425472482756E-004  -4.7881405750700053E-003
   1667.5830000000003       -4.3617435109598014E-004  -4.7782340522466134E-003
   1671.5820000000003       -4.5944018866856827E-004  -4.7680032969840847E-003
   1675.5810000000004       -4.8303924264653882E-004  -4.7571638346628710E-003
   1679.5800000000002       -5.0676399022267298E-004  -4.7461703208677387E-003
   1683.5790000000002       -5.3073983175735561E-004  -4.7344902055054885E-003
   1687.5780000000002       -5.5468155329628694E-004  -4.7227582684267935E-003
