   3.9990000000000006        3.7524961687339749E-006   8.9453673546861567E-006
   7.9980000000000011        8.2832269870371163E-005   1.6325112277949650E-004
   11.997000000000000        6.6102027142128346E-004   1.0435752616294463E-003
   15.996000000000002        1.2992266474876203E-003   2.2293674888756569E-003
   19.995000000000005        1.4431577103187362E-003   3.0662531263285983E-003
   23.994000000000000        1.5766580056645518E-003   3.6139787764244168E-003
   27.993000000000002        1.7171544734871107E-003   3.9470504900504071E-003
   31.992000000000004        1.8270520335170700E-003   4.1383866452553491E-003
   35.991000000000007        1.9097961933379737E-003   4.2581940402322827E-003
   39.990000000000009        1.9796963284619620E-003   4.3567183238685768E-003
   43.989000000000011        2.0463561314568992E-003   4.4526897211312191E-003
   47.988000000000000        2.1115039891394993E-003   4.5471707911176650E-003
   51.987000000000002        2.1754092154244388E-003   4.6400159827809807E-003
   55.986000000000004        2.2377970749085938E-003   4.7310836986061804E-003
   59.985000000000014        2.2988278544990560E-003   4.8206297309257729E-003
   63.984000000000009        2.3584929517856635E-003   4.9083068602816995E-003
   67.983000000000004        2.4166220178170801E-003   4.9943478583764529E-003
   71.982000000000014        2.4734502387113552E-003   5.0786113007410504E-003
   75.981000000000009        2.5286547913134791E-003   5.1609663909062131E-003
   79.980000000000018        2.5823896243633670E-003   5.2416618944512413E-003
   83.979000000000013        2.6346119185150481E-003   5.3203529037902566E-003
   87.978000000000023        2.6851141409420581E-003   5.3972311237838796E-003
   91.977000000000018        2.7341098164309565E-003   5.4722240052473871E-003
   95.975999999999999        2.7812926507710793E-003   5.5451490100448843E-003
   99.975000000000009        2.8267741818153924E-003   5.6163351635523297E-003
   103.97400000000000        2.8705742249871052E-003   5.6853696729255816E-003
   107.97300000000001        2.9123813873744046E-003   5.7524869807693063E-003
   111.97200000000001        2.9524993744443609E-003   5.8176566275590647E-003
   115.97100000000002        2.9906018249664175E-003   5.8806682762814894E-003
   119.97000000000003        3.0267787924428088E-003   5.9418325915812815E-003
   123.96900000000001        3.0610598022606972E-003   6.0008222553908737E-003
   127.96800000000002        3.0931543998598244E-003   6.0577583290822700E-003
   131.96700000000001        3.1233058692088558E-003   6.1127335925230909E-003
   135.96600000000001        3.1512793949605134E-003   6.1654465598436348E-003
   139.96500000000000        3.1770627221402096E-003   6.2162437372134931E-003
   143.96400000000003        3.2007559617534234E-003   6.2647889175758125E-003
   147.96300000000002        3.2220290619207350E-003   6.3112579106605424E-003
   151.96200000000002        3.2412003977635310E-003   6.3556828509267948E-003
   155.96100000000001        3.2579673611481041E-003   6.3978324353972469E-003
   159.96000000000004        3.2723897542615422E-003   6.4380136960197239E-003
   163.95900000000000        3.2845574526526892E-003   6.4759689923327588E-003
   167.95800000000003        3.2941725337766077E-003   6.5117844499631610E-003
   171.95700000000002        3.3015320753536975E-003   6.5456364671814139E-003
   175.95600000000005        3.3064303880667076E-003   6.5771381161649723E-003
   179.95500000000001        3.3087891785960380E-003   6.6067206433474430E-003
   183.95400000000004        3.3088699134740545E-003   6.6340899101386634E-003
   187.95300000000003        3.3062813631624492E-003   6.6593231584778723E-003
   191.95200000000000        3.3013533052549814E-003   6.6825723416147429E-003
   195.95100000000002        3.2938928251408104E-003   6.7035604070624427E-003
   199.95000000000002        3.2838648324202430E-003   6.7225538712406586E-003
   203.94900000000004        3.2714662985966186E-003   6.7394543649405897E-003
   207.94800000000001        3.2564473855756547E-003   6.7541948649629084E-003
   211.94700000000003        3.2390297012985323E-003   6.7670319190061235E-003
   215.94600000000003        3.2191392311638231E-003   6.7776341319039073E-003
   219.94500000000005        3.1966953284152115E-003   6.7863686813904797E-003
   223.94400000000002        3.1719957889883373E-003   6.7930223705831936E-003
   227.94300000000004        3.1447053000416476E-003   6.7976492103667555E-003
   231.94200000000004        3.1151536922811680E-003   6.8003956399366374E-003
   235.94100000000003        3.0832143556793938E-003   6.8010605702861398E-003
   239.94000000000005        3.0488753157471233E-003   6.7998509698893837E-003
   243.93900000000002        3.0123764552828047E-003   6.7967327413246317E-003
   247.93800000000002        2.9734890418130124E-003   6.7915876300959858E-003
   251.93700000000001        2.9324404057909080E-003   6.7847026144376250E-003
   255.93600000000004        2.8892340465691809E-003   6.7757877129498226E-003
   259.93500000000006        2.8437963507795833E-003   6.7651530489233874E-003
   263.93400000000003        2.7964510300371222E-003   6.7526250506290356E-003
   267.93300000000005        2.7469117024400036E-003   6.7382907513695630E-003
   271.93200000000002        2.6955316469817283E-003   6.7222502785634743E-003
   275.93100000000004        2.6422300744986475E-003   6.7043914713119882E-003
   279.93000000000001        2.5870262702416525E-003   6.6848781927461038E-003
   283.92900000000003        2.5302086419387213E-003   6.6636743893790477E-003
   287.92800000000005        2.4715462816017122E-003   6.6407151742713657E-003
   291.92700000000008        2.4113361887608212E-003   6.6162766115158041E-003
   295.92600000000004        2.3495959672674305E-003   6.5900542847151392E-003
   299.92500000000001        2.2862486807988620E-003   6.5623921702400549E-003
   303.92400000000004        2.2216912526336354E-003   6.5330855441393344E-003
   307.92300000000006        2.1556117109166302E-003   6.5022533823673283E-003
   311.92200000000003        2.0883961512335766E-003   6.4699950491709651E-003
   315.92100000000005        2.0200403315036915E-003   6.4361774424020728E-003
   319.92000000000007        1.9504818726691271E-003   6.4009876736984177E-003
   323.91900000000004        1.8801178547700548E-003   6.3644288095451983E-003
   327.91800000000001        1.8087198154240949E-003   6.3263986505353734E-003
   331.91700000000003        1.7365727302292105E-003   6.2872039464847134E-003
   335.91600000000005        1.6637759399721428E-003   6.2465454332280056E-003
   339.91500000000002        1.5902170617447730E-003   6.2047596496422981E-003
   343.91400000000004        1.5163041895896773E-003   6.1616617410842874E-003
   347.91300000000007        1.4418015563816171E-003   6.1173759569948553E-003
   351.91200000000009        1.3670218618199569E-003   6.0719780182142743E-003
   355.91100000000000        1.2920248307079472E-003   6.0253600179410094E-003
   359.91000000000003        1.2167164172085271E-003   5.9776916315097709E-003
   363.90900000000005        1.1415079965039574E-003   5.9289742136877299E-003
   367.90800000000007        1.0661743593756538E-003   5.8791361302385180E-003
   371.90700000000004        9.9100411164122467E-004   5.8284542305844780E-003
   375.90600000000006        9.1608589603128657E-004   5.7766471394654602E-003
   379.90500000000009        8.4132952066122142E-004   5.7240769490339311E-003
   383.90400000000000        7.6712161580660531E-004   5.6705245939857769E-003
   387.90300000000002        6.9325544967030429E-004   5.6161533982071249E-003
   391.90200000000004        6.1999760426389907E-004   5.5610362058307675E-003
   395.90100000000007        5.4745412299610349E-004   5.5050287415431406E-003
   399.90000000000003        4.7545946762312719E-004   5.4483683413172395E-003
   403.89900000000006        4.0447361918414604E-004   5.3909949688718053E-003
   407.89800000000008        3.3421281890124040E-004   5.3328463614362824E-003
   411.89700000000011        2.6495423838330981E-004   5.2742312720146199E-003
   415.89600000000002        1.9678662252793329E-004   5.2148102986927314E-003
   419.89500000000004        1.2958025078682275E-004   5.1549785484603025E-003
   423.89400000000006        6.3695901292052824E-005   5.0945552678567495E-003
   427.89300000000009       -1.0217200947962128E-006   5.0335980428373459E-003
   431.89200000000005       -6.4462395817791677E-005   4.9722817084092057E-003
   435.89100000000008       -1.2639474231093814E-004   4.9104466909725948E-003
   439.89000000000010       -1.8707212240540974E-004   4.8482818067210713E-003
   443.88900000000001       -2.4608090391641012E-004   4.7857815268586195E-003
   447.88800000000003       -3.0366045888402895E-004   4.7228722540750634E-003
   451.88700000000006       -3.5961628522148694E-004   4.6598074043009150E-003
   455.88600000000008       -4.1389523805753403E-004   4.5963495380068123E-003
   459.88500000000005       -4.6656558714061559E-004   4.5327604354059494E-003
   463.88400000000007       -5.1747060975237372E-004   4.4689284084928069E-003
   467.88300000000010       -5.6662869806558581E-004   4.4049184352757467E-003
   471.88200000000006       -6.1405804477414339E-004   4.3408298961966430E-003
   475.88100000000003       -6.5957048709665181E-004   4.2765545685338963E-003
   479.88000000000011       -7.0337163376054204E-004   4.2122996762014942E-003
   483.87900000000008       -7.4516153578535753E-004   4.1479530611863453E-003
   487.87800000000004       -7.8518974151479222E-004   4.0835958041168293E-003
   491.87700000000007       -8.2321209919543944E-004   4.0193441672121974E-003
   495.87600000000003       -8.5935850494051860E-004   3.9550210416352677E-003
   499.87500000000011       -8.9357092212208572E-004   3.8908989246782813E-003
   503.87400000000002       -9.2583554038138467E-004   3.8268090823757755E-003
   507.87300000000010       -9.5617431397317706E-004   3.7628271671523239E-003
   511.87200000000007       -9.8461341360488327E-004   3.6991002815242964E-003
   515.87099999999998       -1.0110484915906240E-003   3.6353861396468110E-003
   519.87000000000012       -1.0357091796418256E-003   3.5720020381485003E-003
   523.86900000000003       -1.0583176461267483E-003   3.5087467601559422E-003
   527.86800000000005       -1.0791971813726639E-003   3.4457354317969308E-003
   531.86700000000008       -1.0980753336323299E-003   3.3830528998036184E-003
   535.86600000000010       -1.1151979355762905E-003   3.3205493121647978E-003
   539.86500000000012       -1.1304497310246173E-003   3.2584221901391232E-003
   543.86400000000003       -1.1439202920048345E-003   3.1966104034881078E-003
   547.86300000000006       -1.1555984594548291E-003   3.1350810818127546E-003
   551.86200000000008       -1.1655592285722048E-003   3.0740135990515939E-003
   555.86100000000010       -1.1737825358311719E-003   3.0131522793551560E-003
   559.86000000000001       -1.1804332497839303E-003   2.9528309578056187E-003
   563.85900000000015       -1.1853149202326703E-003   2.8927746467318064E-003
   567.85800000000006       -1.1888050230951105E-003   2.8331635517808785E-003
   571.85699999999997       -1.1905924984405595E-003   2.7739449654983757E-003
   575.85600000000011       -1.1910668083523117E-003   2.7151004238214474E-003
   579.85500000000002       -1.1900115908258597E-003   2.6567299075025688E-003
   583.85400000000016       -1.1875867481048762E-003   2.5987738469255735E-003
   587.85300000000007       -1.1838793921305746E-003   2.5411726753201622E-003
   591.85200000000009       -1.1788697009339983E-003   2.4841487089078585E-003
   595.85100000000011       -1.1726239526938099E-003   2.4273981226801823E-003
   599.85000000000002       -1.1652811872869795E-003   2.3712839346436048E-003
   603.84900000000005       -1.1566678987064479E-003   2.3154467842149218E-003
   607.84800000000007       -1.1472277676583752E-003   2.2601307629776550E-003
   611.84700000000009       -1.1366092509737093E-003   2.2052181699897251E-003
   615.84600000000012       -1.1251961792115711E-003   2.1507586797966678E-003
   619.84500000000014       -1.1128470598911926E-003   2.0966925992715220E-003
   623.84400000000005       -1.0997186086270868E-003   2.0430474755226300E-003
   627.84300000000007       -1.0859297997048356E-003   1.9897362314913185E-003
   631.84200000000010       -1.0714032979492686E-003   1.9369460344204979E-003
   635.84100000000001       -1.0562749218418653E-003   1.8843879059046882E-003
   639.84000000000015       -1.0406556311600426E-003   1.8323475354623552E-003
   643.83900000000006       -1.0244601276345564E-003   1.7804826264762549E-003
   647.83800000000008       -1.0080003467796354E-003   1.7291468591354702E-003
   651.83700000000010       -9.9097718670313677E-004   1.6780388804784668E-003
   655.83600000000001       -9.7377335939620262E-004   1.6272920630863877E-003
   659.83500000000015       -9.5630101039783830E-004   1.5767900291451032E-003
   663.83400000000006       -9.3862717797017249E-004   1.5265923963618960E-003
   667.83300000000008       -9.2088710815689393E-004   1.4766438875326018E-003
   671.83200000000011       -9.0296913501136699E-004   1.4269591312118613E-003
   675.83100000000013       -8.8514436684281961E-004   1.3773349509327315E-003
   679.83000000000004       -8.6737780786173585E-004   1.3280432057176702E-003
   683.82900000000006       -8.4966189198751102E-004   1.2787381702193215E-003
   687.82800000000009       -8.3216111433263558E-004   1.2297603949088512E-003
   691.82700000000000       -8.1476801975015009E-004   1.1806699208816410E-003
   695.82600000000014       -7.9775881161381606E-004   1.1317372172717282E-003
   699.82500000000005       -7.8100221435913476E-004   1.0828746300754241E-003
   703.82400000000018       -7.6450497514752604E-004   1.0339855170757538E-003
   707.82300000000009       -7.4850389532589239E-004   9.8512954084641210E-004
   711.82200000000000       -7.3279274406279338E-004   9.3617413221123058E-004
   715.82100000000014       -7.1772019247135215E-004   8.8708758486109244E-004
   719.82000000000005       -7.0301228042317712E-004   8.3808301554206188E-004
   723.81900000000007       -6.8884526849107930E-004   7.8869362757990930E-004
   727.81800000000010       -6.7531516824577171E-004   7.3926829674763011E-004
   731.81700000000012       -6.6237412167616900E-004   6.8950475125205012E-004
   735.81600000000014       -6.5007060432731409E-004   6.3955200830488265E-004
   739.81500000000005       -6.3841901727570180E-004   5.8935512884879856E-004
   743.81400000000008       -6.2738881309882871E-004   5.3868665130423930E-004
   747.81300000000010       -6.1723020933096269E-004   4.8776315295276704E-004
   751.81200000000013       -6.0761376094842787E-004   4.3641046237198416E-004
   755.81100000000004       -5.9887941097852863E-004   3.8465822633923318E-004
   759.81000000000017       -5.9070655476317440E-004   3.3248182672223150E-004
   763.80900000000008       -5.8348350270771203E-004   2.7964023405000193E-004
   767.80799999999999       -5.7696005842860858E-004   2.2644137759240545E-004
   771.80700000000013       -5.7119692344949260E-004   1.7262615615239846E-004
   775.80600000000004       -5.6620343486933806E-004   1.1815617207197999E-004
   779.80500000000018       -5.6206407207131596E-004   6.3117578454575485E-005
   783.80400000000009       -5.5868030563892160E-004   7.2484941327278000E-006
   787.80300000000011       -5.5619633002078925E-004  -4.9131552989625121E-005
   791.80200000000013       -5.5429415921199644E-004  -1.0637637522411397E-004
   795.80100000000016       -5.5341285208816097E-004  -1.6436892368542445E-004
   799.80000000000007       -5.5313594446143902E-004  -2.2320487028886345E-004
   803.79900000000009       -5.5382594196620488E-004  -2.8281944251393751E-004
   807.79800000000012       -5.5505849141683635E-004  -3.4326786611461218E-004
   811.79700000000003       -5.5714521879461057E-004  -4.0464902521743863E-004
   815.79600000000016       -5.5998326731362719E-004  -4.6699015395055741E-004
   819.79500000000007       -5.6351697473780589E-004  -5.3014740071396095E-004
   823.79400000000021       -5.6772257751242546E-004  -5.9439171567209981E-004
   827.79300000000012       -5.7264857434548158E-004  -6.5945524945150544E-004
   831.79200000000003       -5.7814345823635016E-004  -7.2579187504358939E-004
   835.79100000000017       -5.8453173949783840E-004  -7.9293802123304828E-004
   839.79000000000008       -5.9124757567406423E-004  -8.6125663717272899E-004
   843.78900000000010       -5.9878596476472135E-004  -9.3056507934589287E-004
   847.78800000000012       -6.0676126772311358E-004  -1.0010501556554454E-003
   851.78700000000015       -6.1539261520093087E-004  -1.0726204850053647E-003
   855.78600000000017       -6.2456309364376740E-004  -1.1452630871654108E-003
   859.78500000000008       -6.3409109781683030E-004  -1.2189627019547904E-003
   863.78400000000011       -6.4418957186705510E-004  -1.2939798433542712E-003
   867.78300000000013       -6.5475959780008058E-004  -1.3699189977061559E-003
   871.78200000000015       -6.6564875483233208E-004  -1.4472093155840880E-003
   875.78100000000006       -6.7702900758627655E-004  -1.5253634357200376E-003
   879.78000000000020       -6.8857360503062396E-004  -1.6049380895350150E-003
   883.77900000000011       -7.0067482499013099E-004  -1.6855380658015999E-003
   887.77800000000002       -7.1297865734892254E-004  -1.7673027628515514E-003
   891.77700000000016       -7.2551308880582620E-004  -1.8502054792322402E-003
   895.77600000000007       -7.3837721940024918E-004  -1.9342249855292531E-003
   899.77500000000020       -7.5133513799254437E-004  -2.0194059138389235E-003
   903.77400000000011       -7.6465740369102567E-004  -2.1057763356075935E-003
   907.77300000000014       -7.7800612614441927E-004  -2.1930184682889819E-003
   911.77200000000016       -7.9146731051155724E-004  -2.2815793751955601E-003
   915.77100000000007       -8.0507445643764801E-004  -2.3710169437440760E-003
   919.77000000000010       -8.1874409649810990E-004  -2.4616864099085093E-003
   923.76900000000012       -8.3246942013567990E-004  -2.5532126039631434E-003
   927.76800000000014       -8.4616060484718123E-004  -2.6457503123101175E-003
   931.76700000000005       -8.5980750363841101E-004  -2.7393790664910836E-003
   935.76600000000019       -8.7358211573777789E-004  -2.8338593185044812E-003
   939.76500000000010       -8.8712710855221944E-004  -2.9293054535305995E-003
   943.76400000000012       -9.0075292213461259E-004  -3.0256013571604320E-003
   947.76300000000015       -9.1407876314607067E-004  -3.1227334124623030E-003
   951.76200000000006       -9.2750949554546358E-004  -3.2208253890112443E-003
   955.76100000000019       -9.4066949077076050E-004  -3.3195247632931656E-003
   959.76000000000022       -9.5371817298073877E-004  -3.4190271569797246E-003
   963.75900000000001       -9.6651211482210668E-004  -3.5192355370111980E-003
   967.75800000000015       -9.7919245262644960E-004  -3.6200632532048674E-003
   971.75700000000018       -9.9162197395360249E-004  -3.7216018158413252E-003
   975.75600000000009       -1.0038794207789675E-003  -3.8234957117598213E-003
   979.75500000000011       -1.0157105350525751E-003  -3.9260802285236507E-003
   983.75400000000013       -1.0275359533578185E-003  -4.0290379480199673E-003
   987.75300000000027       -1.0388692561301362E-003  -4.1324841502097930E-003
   991.75200000000007       -1.0501684980175846E-003  -4.2362026539104168E-003
   995.75100000000009       -1.0609329996926604E-003  -4.3402701769000912E-003
   999.75000000000023       -1.0715767105425461E-003  -4.4445767910289025E-003
   1003.7490000000000       -1.0818805577264890E-003  -4.5491639586588122E-003
   1007.7480000000000       -1.0919116478409130E-003  -4.6537525505217633E-003
   1011.7470000000002       -1.1015788196808535E-003  -4.7585292649317849E-003
   1015.7460000000002       -1.1109728502343363E-003  -4.8632001858102784E-003
   1019.7450000000001       -1.1199988983917799E-003  -4.9680344128254159E-003
   1023.7440000000001       -1.1288623631340281E-003  -5.0725136699698338E-003
   1027.7430000000002       -1.1371739997011610E-003  -5.1770339004506621E-003
   1031.7420000000000       -1.1453655792993110E-003  -5.2811281004519171E-003
   1035.7410000000002       -1.1530898622326173E-003  -5.3851401469625351E-003
   1039.7400000000002       -1.1606429252530434E-003  -5.4886664520918107E-003
   1043.7390000000003       -1.1678188363493775E-003  -5.5918060360398685E-003
   1047.7380000000001       -1.1746401674443796E-003  -5.6944512803799403E-003
   1051.7370000000001       -1.1812586550419518E-003  -5.7966383323250987E-003
   1055.7360000000001       -1.1875378128926614E-003  -5.8981018103061644E-003
   1059.7350000000001       -1.1935531695454627E-003  -5.9990670210209604E-003
   1063.7340000000002       -1.1992701399094257E-003  -6.0990289023381463E-003
   1067.7330000000002       -1.2046659018317713E-003  -6.1985031260613256E-003
   1071.7320000000002       -1.2098927396256066E-003  -6.2969026256021613E-003
   1075.7310000000000       -1.2148030976780462E-003  -6.3944644262274230E-003
   1079.7300000000002       -1.2194168716325509E-003  -6.4910081245894164E-003
   1083.7290000000003       -1.2238564845191745E-003  -6.5865056145396677E-003
   1087.7280000000001       -1.2279778247807822E-003  -6.6809531919030706E-003
   1091.7270000000001       -1.2320169816052240E-003  -6.7742172293385611E-003
   1095.7260000000001       -1.2356534652591506E-003  -6.8661807283448163E-003
   1099.7250000000001       -1.2392287593863741E-003  -6.9570172619336651E-003
   1103.7240000000002       -1.2425061457384870E-003  -7.0464347775587464E-003
   1107.7230000000002       -1.2457418487133993E-003  -7.1345245176015213E-003
   1111.7220000000002       -1.2486320421916908E-003  -7.2211234580240556E-003
   1115.7210000000000       -1.2514648535388191E-003  -7.3062433158020768E-003
   1119.7200000000000       -1.2540515258283619E-003  -7.3899031348220682E-003
   1123.7190000000003       -1.2566054102355973E-003  -7.4718883888330017E-003
   1127.7180000000003       -1.2588705135599372E-003  -7.5522847725884180E-003
   1131.7170000000001       -1.2611079788254656E-003  -7.6309239457321215E-003
   1135.7160000000001       -1.2630521872478784E-003  -7.7079867118882792E-003
   1139.7150000000001       -1.2651339955340023E-003  -7.7831629678307701E-003
   1143.7139999999999       -1.2668167675940899E-003  -7.8566281489916862E-003
   1147.7130000000002       -1.2686045175606215E-003  -7.9281482016522725E-003
   1151.7120000000002       -1.2701076043721857E-003  -7.9979392314326707E-003
   1155.7110000000002       -1.2716724699752228E-003  -8.0657414458780875E-003
   1159.7100000000000       -1.2730659731118416E-003  -8.1316823504969053E-003
   1163.7090000000001       -1.2743854367411678E-003  -8.1955161130700845E-003
   1167.7080000000003       -1.2755296521277442E-003  -8.2575586928329402E-003
   1171.7070000000001       -1.2767512091453616E-003  -8.3174180523175323E-003
   1175.7060000000001       -1.2777228356385456E-003  -8.3754198443022846E-003
   1179.7050000000002       -1.2787362040325993E-003  -8.4311240635278617E-003
   1183.7040000000002       -1.2795075427333050E-003  -8.4849867757946611E-003
   1187.7030000000002       -1.2803025318889366E-003  -8.5365968241926365E-003
   1191.7020000000002       -1.2809789251866778E-003  -8.5862722634411828E-003
   1195.7010000000002       -1.2815619674702620E-003  -8.6336528486405488E-003
   1199.7000000000000       -1.2819905743758017E-003  -8.6790580285192338E-003
   1203.6990000000001       -1.2823751648345461E-003  -8.7222598484909229E-003
   1207.6980000000001       -1.2826542574899146E-003  -8.7634492581901684E-003
   1211.6970000000003       -1.2828010658758363E-003  -8.8023664840671517E-003
   1215.6960000000001       -1.2828577219461831E-003  -8.8392959992304940E-003
   1219.6950000000002       -1.2826941738215373E-003  -8.8739784019023805E-003
   1223.6940000000002       -1.2825386558400292E-003  -8.9067005139041311E-003
   1227.6930000000000       -1.2821200810806583E-003  -8.9371629023110404E-003
   1231.6920000000002       -1.2816102508201323E-003  -8.9656135437834496E-003
   1235.6910000000003       -1.2808624847827775E-003  -8.9919193296190657E-003
   1239.6900000000003       -1.2800037906933984E-003  -9.0162204432245735E-003
   1243.6890000000001       -1.2789074350867758E-003  -9.0384263156349336E-003
   1247.6880000000001       -1.2776888354300417E-003  -9.0585703763113503E-003
   1251.6870000000001       -1.2760862995587975E-003  -9.0767645480126155E-003
   1255.6860000000001       -1.2745084413894560E-003  -9.0928960655153428E-003
   1259.6850000000002       -1.2724224737321389E-003  -9.1071513177133148E-003
   1263.6840000000002       -1.2703634129611805E-003  -9.1193673025886605E-003
   1267.6830000000002       -1.2677800473664712E-003  -9.1297107463635310E-003
   1271.6820000000000       -1.2650986200608131E-003  -9.1381768518500224E-003
   1275.6810000000003       -1.2620337790327132E-003  -9.1447895556564674E-003
   1279.6800000000003       -1.2587154919033120E-003  -9.1495006269126360E-003
   1283.6790000000001       -1.2549712543552952E-003  -9.1525433534730832E-003
   1287.6780000000001       -1.2510347382839967E-003  -9.1536341282209954E-003
   1291.6770000000001       -1.2465506821845132E-003  -9.1532462610911976E-003
   1295.6760000000002       -1.2419214305989469E-003  -9.1508890104746721E-003
   1299.6750000000002       -1.2366758008014699E-003  -9.1471346511391473E-003
   1303.6740000000002       -1.2312388953032833E-003  -9.1415594589950681E-003
   1307.6730000000002       -1.2252375735116025E-003  -9.1345715956701150E-003
   1311.6720000000000       -1.2189320854992768E-003  -9.1259299400965090E-003
   1315.6710000000000       -1.2121026817271093E-003  -9.1158731784408663E-003
   1319.6700000000003       -1.2048687307611838E-003  -9.1042763366049675E-003
   1323.6690000000003       -1.1971783490374720E-003  -9.0914129286696847E-003
   1327.6680000000001       -1.1889876970700318E-003  -9.0769339562370242E-003
   1331.6670000000001       -1.1803136923694254E-003  -9.0613960061000937E-003
   1335.6660000000002       -1.1711502816523394E-003  -9.0443119345025753E-003
   1339.6650000000000       -1.1614795107149152E-003  -9.0261810773807974E-003
   1343.6640000000002       -1.1512844518665466E-003  -9.0066961538653942E-003
   1347.6630000000002       -1.1405781332848874E-003  -8.9861237970411487E-003
   1351.6620000000003       -1.1292995953694433E-003  -8.9643705555009709E-003
   1355.6610000000001       -1.1175620203997786E-003  -8.9416270031370711E-003
   1359.6600000000001       -1.1052098918443354E-003  -8.9177551814087468E-003
   1363.6590000000003       -1.0924219800132016E-003  -8.8929102375452269E-003
   1367.6580000000001       -1.0788979104854328E-003  -8.8671236688657000E-003
   1371.6570000000002       -1.0650882865618854E-003  -8.8404045697793743E-003
   1375.6560000000002       -1.0504764429853616E-003  -8.8128136618184829E-003
   1379.6550000000002       -1.0355315145342612E-003  -8.7843442046288776E-003
   1383.6540000000000       -1.0198433415922617E-003  -8.7550829275315767E-003
   1387.6530000000002       -1.0037676211692458E-003  -8.7250541189532148E-003
   1391.6520000000003       -9.8704088439649008E-004  -8.6943001655199158E-003
   1395.6510000000001       -9.6988756572921608E-004  -8.6627614385098549E-003
   1399.6500000000001       -9.5204538580132567E-004  -8.6306904865885697E-003
   1403.6490000000001       -9.3388827163069354E-004  -8.5977939255091947E-003
   1407.6480000000004       -9.1500907898111618E-004  -8.5645572705488355E-003
   1411.6470000000002       -8.9588080178712383E-004  -8.5304609340827123E-003
   1415.6460000000002       -8.7601198718826028E-004  -8.4960504088066203E-003
   1419.6450000000002       -8.5588613731853213E-004  -8.4609639450606809E-003
   1423.6440000000000       -8.3516533467148683E-004  -8.4255293056488198E-003
   1427.6430000000003       -8.1413507604681762E-004  -8.3894938150060969E-003
   1431.6420000000003       -7.9256629001839968E-004  -8.3531099863248769E-003
   1435.6410000000003       -7.7064469181013914E-004  -8.3161846344370020E-003
   1439.6400000000001       -7.4835743701206288E-004  -8.2790777528662825E-003
   1443.6390000000001       -7.2570712510165898E-004  -8.2412933104466304E-003
   1447.6380000000001       -7.0269430123396878E-004  -8.2034286384057280E-003
   1451.6370000000002       -6.7938622891420414E-004  -8.1649746150108948E-003
   1455.6360000000002       -6.5578969548525093E-004  -8.1264019108272020E-003
   1459.6350000000002       -6.3196835560986675E-004  -8.0873831988765889E-003
   1463.6340000000002       -6.0790844686080649E-004  -8.0481206490685044E-003
   1467.6330000000000       -5.8359122529387693E-004  -8.0085244876017311E-003
   1471.6320000000003       -5.5922646023037520E-004  -7.9687269015584396E-003
   1475.6310000000003       -5.3458115741786792E-004  -7.9285938628282874E-003
   1479.6300000000001       -5.1002575387911842E-004  -7.8882274678212187E-003
   1483.6290000000001       -4.8514136230819833E-004  -7.8475691125530454E-003
   1487.6280000000002       -4.6045695200893852E-004  -7.8066933068114156E-003
   1491.6270000000002       -4.3558942709684108E-004  -7.7655738842790411E-003
   1495.6260000000002       -4.1089880114975562E-004  -7.7241554868890437E-003
   1499.6250000000002       -3.8611335855481745E-004  -7.6825511576876521E-003
   1503.6240000000003       -3.6158387666983358E-004  -7.6406312437906458E-003
   1507.6230000000000       -3.3702307446322550E-004  -7.5986085884049226E-003
   1511.6220000000001       -3.1288592150315487E-004  -7.5561819352324968E-003
   1515.6210000000003       -2.8868193383958384E-004  -7.5136698187943480E-003
   1519.6200000000003       -2.6497128983664592E-004  -7.4707362497939446E-003
   1523.6190000000001       -2.4136509095346341E-004  -7.4277825476896609E-003
   1527.6180000000002       -2.1826725640560461E-004  -7.3843552172442664E-003
   1531.6170000000002       -1.9538406879946032E-004  -7.3408423145755108E-003
   1535.6160000000000       -1.7299469013072686E-004  -7.2968805941297848E-003
   1539.6150000000002       -1.5094797113639441E-004  -7.2528666972775779E-003
   1543.6140000000003       -1.2951478977895508E-004  -7.2083579766905916E-003
   1547.6130000000003       -1.0846392307151608E-004  -7.1637700910980370E-003
   1551.6120000000001       -8.8033578766144333E-005  -7.1186568308124355E-003
   1555.6110000000001       -6.8149866919318437E-005  -7.0734873286590972E-003
   1559.6100000000004       -4.8898559923778477E-005  -7.0278380766264298E-003
   1563.6090000000004       -3.0370119197246307E-005  -6.9820148137341043E-003
   1567.6080000000002       -1.2428090103749532E-005  -6.9357336666970477E-003
   1571.6070000000002        4.7031942636904193E-006  -6.8892582104287340E-003
   1575.6060000000002        2.1138281832773454E-005  -6.8423614224829678E-003
   1579.6050000000000        3.6682208050035762E-005  -6.7952094265068628E-003
   1583.6040000000003        5.1549969831031690E-005  -6.7475994200929951E-003
   1587.6030000000003        6.5425017573917288E-005  -6.6997083313293515E-003
   1591.6020000000003        7.8605800012813087E-005  -6.6514493498570776E-003
   1595.6010000000001        9.0657472271269031E-005  -6.6027782380781502E-003
   1599.6000000000001        1.0202519475734420E-004  -6.5537834568501988E-003
   1603.5990000000004        1.1225141327813085E-004  -6.5043102299305947E-003
   1607.5980000000002        1.2169417285453298E-004  -6.4545996127050899E-003
   1611.5970000000002        1.2992256790909560E-004  -6.4043637918558367E-003
   1615.5960000000002        1.3736868468624207E-004  -6.3538642839186142E-003
   1619.5950000000003        1.4355452560242037E-004  -6.3028168713231848E-003
   1623.5940000000001        1.4894502525871032E-004  -6.2515607317243553E-003
   1627.5930000000003        1.5302096216434908E-004  -6.1997304199403807E-003
   1631.5920000000003        1.5621423940746434E-004  -6.1476949701118012E-003
   1635.5910000000001        1.5820838637716297E-004  -6.0950311156414642E-003
   1639.5900000000001        1.5920571160573077E-004  -6.0422032825837970E-003
   1643.5890000000002        1.5903798062156073E-004  -5.9887537720878983E-003
   1647.5880000000004        1.5783417779895528E-004  -5.9351413884621207E-003
   1651.5870000000002        1.5545477978128009E-004  -5.8808883304910641E-003
   1655.5860000000002        1.5207988909075876E-004  -5.8264817276909584E-003
   1659.5850000000003        1.4752736969414384E-004  -5.7714912538102212E-003
   1663.5840000000001        1.4188709587627561E-004  -5.7163180572442560E-003
   1667.5830000000003        1.3521125415446829E-004  -5.6606235161676295E-003
   1671.5820000000003        1.2733979130557821E-004  -5.6046927979795215E-003
   1675.5810000000004        1.1854280243986262E-004  -5.5483507491569739E-003
   1679.5800000000002        1.0850350023272311E-004  -5.4917343762783087E-003
   1683.5790000000002        9.7577377032194261E-005  -5.4347419909843543E-003
   1687.5780000000002        8.5470660945181215E-005  -5.3774726232748826E-003
