   1691.5770000000002      -0.66396679586700957       0.67114838461268145     
   1695.5760000000002      -0.69226079635699189       0.69915608244105065     
   1699.5750000000003      -0.71939247833553410       0.72599020384644330     
   1703.5740000000003      -0.74531838426510655       0.75160810265972056     
   1707.5730000000001      -0.76999646445063230       0.77596766601357170     
   1711.5720000000003      -0.79338644031663441       0.79902986184132041     
   1715.5710000000004      -0.81545194724202497       0.82075856035178685     
   1719.5700000000002      -0.83615721786964192       0.84111848111266529     
   1723.5690000000002      -0.85547009287174669       0.86007864717513138     
   1727.5680000000002      -0.87336108766178577       0.87760952171822804     
   1731.5670000000002      -0.88980194541635926       0.89368396979335052     
   1735.5660000000003      -0.90476889155561913       0.90827888092560682     
   1739.5650000000003      -0.91823943582799106       0.92137196244697717     
   1743.5640000000003      -0.93019396287557332       0.93294497484182703     
   1747.5630000000001      -0.94061672268462992       0.94298230935201333     
   1751.5620000000001      -0.94949288187907399       0.95146992856839907     
   1755.5610000000004      -0.95681193881479243       0.95839842468691683     
   1759.5600000000004      -0.96256574717548671       0.96375966655163192     
   1763.5590000000002      -0.96674802445382912       0.96754866866904110     
   1767.5580000000002      -0.96935708039716917       0.96976425450628523     
   1771.5570000000002      -0.97039234851002998       0.97040622469804705     
   1775.5560000000000      -0.96985668281496262       0.96947879402581916     
   1779.5550000000003      -0.96775647737527981       0.96698841782120537     
   1783.5540000000003      -0.96409914439514388       0.96294344126950793     
   1787.5530000000003      -0.95889657615673252       0.95735671405367917     
   1791.5520000000001      -0.95216259078260357       0.95024207301603170     
   1795.5510000000002      -0.94391303709308660       0.94161668254101216     
   1799.5500000000004      -0.93416810302707987       0.93150109975250994     
   1803.5490000000002      -0.92294876244308854       0.91991668658454517     
   1807.5480000000002      -0.91027938294521293       0.90688907912173988     
   1811.5470000000003      -0.89618740238698236       0.89244566597284580     
   1815.5460000000003      -0.88070099365235532       0.87661551333305598     
   1819.5450000000001      -0.86385250838985161       0.85943179514894685     
   1823.5440000000003      -0.84567571749848081       0.84092820612031138     
   1827.5430000000003      -0.82620603930798442       0.82114137024805101     
   1831.5420000000001      -0.80548273927622915       0.80011078774612809     
   1835.5410000000002      -0.78354534242154272       0.77787623653385962     
   1839.5400000000002      -0.76043620925323241       0.75448120638116922     
   1843.5390000000004      -0.73620022973069021       0.72997039734281821     
   1847.5380000000002      -0.71088237926576447       0.70438948822064629     
   1851.5370000000003      -0.68453113984486791       0.67778765902016924     
   1855.5360000000003      -0.65719585758905086       0.65021398843261291     
   1859.5350000000001      -0.62892667412083947       0.62171961599926640     
   1863.5340000000001      -0.59977693371379726       0.59235800934747318     
   1867.5330000000004      -0.56979957140709292       0.56218208596324071     
   1871.5320000000004      -0.53904935459597003       0.53124757566090541     
   1875.5310000000002      -0.50758304574872881       0.49961090333801883     
   1879.5300000000002      -0.47545657417264114       0.46732837881535816     
   1883.5290000000002      -0.44272839669654684       0.43445906079526686     
   1887.5280000000002      -0.40945734278724943       0.40106126714469931     
   1891.5270000000003      -0.37570182901466465       0.36719410927219309     
   1895.5260000000003      -0.34152270949217034       0.33291850741561524     
   1899.5250000000003      -0.30697979414482407       0.29829389240718368     
   1903.5240000000001      -0.27213335551866902       0.26338129450655706     
   1907.5230000000004      -0.23704518265281393       0.22824206971862779     
   1911.5220000000004      -0.20177526517436681       0.19293615532120892     
   1915.5210000000004      -0.16638484174191198       0.15752531875448561     
   1919.5200000000004      -0.13093522232928115       0.12207014184436987     
   1923.5190000000000       -9.5485948885052463E-002   8.6630451943321377E-002
   1927.5180000000000       -6.0098069402034465E-002   5.1267384778283111E-002
   1931.5170000000003       -2.4831219410457801E-002   1.6039824033702306E-002
   1935.5160000000003        1.0256111647703896E-002  -1.8993264817242398E-002
   1939.5150000000003        4.5104378221552159E-002  -5.3772744456500501E-002
   1943.5140000000004        7.9656530585393223E-002  -8.8242110522777376E-002
   1947.5130000000004       0.11385584572084827      -0.12234420673236007     
   1951.5120000000002       0.14764559339900551      -0.15602311174829270     
   1955.5110000000002       0.18097197718593688      -0.18922525907650242     
   1959.5100000000002       0.21378091080959311      -0.22189639500488653     
   1963.5090000000002       0.24601963545793698      -0.25398476901522005     
   1967.5080000000003       0.27763812046385261      -0.28544028761493145     
   1971.5070000000003       0.30858590730767860      -0.31621272698721237     
   1975.5060000000005       0.33881512004430359      -0.34625519565870277     
   1979.5050000000001       0.36827996606682112      -0.37552168104416106     
   1983.5040000000001       0.39693463949762686      -0.40396703764459363     
   1987.5030000000002       0.42473678821603122      -0.43154969600016924     
   1991.5020000000002       0.45164535388280491      -0.45822840038754720     
   1995.5010000000004       0.47762012190408476      -0.48396393163685114     
   1999.5000000000005       0.50262466891222268      -0.50872035501046331     
   2003.4990000000005       0.52662322168973952      -0.53246189382257614     
   2007.4980000000000       0.54958192568368658      -0.55515587027539359     
   2011.4970000000001       0.57147052702778545      -0.57677223317315784     
   2015.4960000000001       0.59225911285566046      -0.59728137186105235     
   2019.4950000000003       0.61192072007466303      -0.61665750148914023     
   2023.4940000000004       0.63043140239544049      -0.63487667223132238     
   2027.4930000000004       0.64776765314358953      -0.65191601888758033     
   2031.4920000000004       0.66390969236662523      -0.66775679143335442     
   2035.4910000000000       0.67883997815699271      -0.68238136615819012     
   2039.4900000000002       0.69254186183247102      -0.69577403441466767     
   2043.4890000000003       0.70500281021590494      -0.70792304243777859     
   2047.4880000000003       0.71621175332685083      -0.71881728598441996     
   2051.4870000000005       0.72615919971454890      -0.72844841430395357     
   2055.4860000000003       0.73483974975386523      -0.73681152198553046     
   2059.4850000000006       0.74224885474402202      -0.74390218181857781     
   2063.4839999999999       0.74838429736722656      -0.74971939609225746     
   2067.4830000000002       0.75324756051008290      -0.75426487440394685     
   2071.4820000000004       0.75684061286543702      -0.75754092004451201     
   2075.4810000000002       0.75916842709995058      -0.75955367774196025     
   2079.4800000000005       0.76023902851433933      -0.76031119396144087     
   2083.4790000000003       0.76006083462108176      -0.75982245307903784     
   2087.4780000000005       0.75864574319461253      -0.75810037727840185     
   2091.4770000000003       0.75600791679527446      -0.75515902444191785     
   2095.4760000000001       0.75216204524552110      -0.75101385194376324     
   2099.4750000000004       0.74712651690538967      -0.74568404972363189     
   2103.4740000000002       0.74092118173154753      -0.73918932070348486     
   2107.4730000000004       0.73356671769884119      -0.73155125923978093     
   2111.4720000000002       0.72508744744210474      -0.72279473531005134     
   2115.4710000000005       0.71550841928683928      -0.71294467914911874     
   2119.4700000000003       0.70485588355812678      -0.70202832977762664     
   2123.4690000000001       0.69315943346133646      -0.69007556467246900     
   2127.4680000000003       0.68044878495205674      -0.67711606097343702     
   2131.4670000000001       0.66675523443628393      -0.66318210506547581     
   2135.4660000000003       0.65211292511627950      -0.64830788695671182     
   2139.4650000000006       0.63655567077591479      -0.63252729074320557     
   2143.4640000000004       0.62011917556686347      -0.61587694017258010     
   2147.4630000000002       0.60284135860666466      -0.59839459474633250     
   2151.4620000000000       0.58475951353169309      -0.58011773356789575     
   2155.4610000000002       0.56591303638636203      -0.56108655138943608     
   2159.4600000000005       0.54634283770210224      -0.54134164176208344     
   2163.4590000000003       0.52608903478708646      -0.52092341422380040     
   2167.4580000000005       0.50519392943745911      -0.49987480543339580     
   2171.4570000000003       0.48370061915907220      -0.47823847721715607     
   2175.4560000000001       0.46165134825906140      -0.45605705145426612     
   2179.4550000000004       0.43909051064451043      -0.43337537682389549     
   2183.4540000000002       0.41606260503403419      -0.41023744366098214     
   2187.4530000000004       0.39261127952257380      -0.38668733396656252     
   2191.4520000000002       0.36878217655042494      -0.36277094913807262     
   2195.4510000000005       0.34462041042134955      -0.33853285126404370     
   2199.4500000000003       0.32017029836940375      -0.31401782312267640     
   2203.4490000000001       0.29547791226805881      -0.28927201175097361     
   2207.4480000000003       0.27058823169270246      -0.26433982995622191     
   2211.4470000000001       0.24554549780737517      -0.23926598243794070     
   2215.4460000000004       0.22039539398173807      -0.21409604507234320     
   2219.4450000000002       0.19518203570115181      -0.18887356929826776     
   2223.4440000000004       0.16994887418633947      -0.16364245610634237     
   2227.4430000000007       0.14474045252011558      -0.13844698439454647     
   2231.4420000000000       0.11959933469116762      -0.11332916474994431     
   2235.4410000000003        9.4567470498363837E-002  -8.8331353622043904E-002
   2239.4400000000001        6.9687539139897975E-002  -6.3495821878987460E-002
   2243.4390000000003        4.4999921166962498E-002  -3.8862421943391540E-002
   2247.4380000000006        2.0544429947426019E-002  -1.4471334613472242E-002
   2251.4370000000004       -3.6387609699495838E-003   9.6377982488361647E-003
   2255.4360000000006       -2.7512054743572600E-002   3.3427895987854415E-002
   2259.4349999999999       -5.1038391363460354E-002   5.6861584578814850E-002
   2263.4340000000002       -7.4180671792187208E-002   7.9902390604498691E-002
   2267.4330000000004       -9.6904580743632340E-002  0.10251648863315491     
   2271.4320000000002      -0.11917633762147545       0.12466983596577487     
   2275.4310000000005      -0.14096243243810530       0.14632964041480276     
   2279.4300000000003      -0.16223230436650610       0.16746582062043114     
   2283.4290000000005      -0.18295590512860133       0.18804809718275206     
   2287.4279999999999      -0.20310368858075140       0.20804769191848355     
   2291.4270000000001      -0.22264921322463982       0.22743864848873863     
   2295.4260000000004      -0.24156658957032728       0.24619489972500139     
   2299.4250000000002      -0.25983058254901398       0.26429200513511625     
   2303.4240000000004      -0.27741911273021402       0.28170835017370277     
   2307.4230000000002      -0.29431071417829546       0.29842233648166167     
   2311.4220000000005      -0.31048474318783165       0.31441415053653299     
   2315.4210000000003      -0.32592371968933165       0.32966676218398278     
   2319.4200000000001      -0.34061077472500140       0.34416318781287214     
   2323.4190000000003      -0.35452998043830031       0.35788834962692528     
   2327.4180000000001      -0.36766860177045052       0.37082996025270709     
   2331.4170000000004      -0.38001450076568538       0.38297577339059641     
   2335.4160000000006      -0.39155651020704729       0.39431547530413019     
   2339.4150000000004      -0.40228666990334300       0.40484155522889814     
   2343.4140000000002      -0.41219761378798497       0.41454653120690776     
   2347.4130000000000      -0.42128290975683957       0.42342481510683089     
   2351.4120000000003      -0.42953932459873623       0.43147363496332314     
   2355.4110000000005      -0.43696422094554876       0.43869021807056974     
   2359.4100000000003      -0.44355578961582276       0.44507356806399867     
   2363.4090000000006      -0.44931538528936776       0.45062551809262497     
   2367.4080000000004      -0.45424498216133408       0.45534788624931150     
   2371.4070000000002      -0.45834722361790237       0.45924408227297131     
   2375.4060000000004      -0.46162783428632886       0.46232032487283686     
   2379.4050000000002      -0.46409319271512350       0.46458281100296228     
   2383.4040000000005      -0.46575015770233219       0.46603910799754811     
   2387.4030000000002      -0.46660854760049353       0.46669954409990555     
   2391.4020000000005      -0.46667886811349579       0.46657441209807748     
   2395.4010000000003      -0.46597188822806895       0.46567512071687911     
   2399.4000000000001      -0.46450118683949365       0.46401577865672194     
   2403.3990000000003      -0.46228106634589622       0.46161043957797276     
   2407.3980000000001      -0.45932584111926034       0.45847397285100966     
   2411.3970000000004      -0.45565245634626850       0.45462387816939165     
   2415.3960000000002      -0.45127863671690049       0.45007759754808502     
   2419.3950000000004      -0.44622183903288820       0.44485303993474329     
   2423.3940000000007      -0.44050192814758343       0.43897065310222977     
   2427.3930000000000      -0.43413963504007874       0.43245086109405539     
   2431.3920000000003      -0.42715513012510709       0.42531416288127311     
   2435.3910000000001      -0.41957070672410701       0.41758345938639035     
   2439.3900000000003      -0.41140964460979079       0.40928171671363867     
   2443.3890000000006      -0.40269438889527787       0.40043156922695317     
   2447.3880000000004      -0.39344914824737481       0.39105784762596868     
   2451.3870000000006      -0.38369925594894694       0.38118558601472108     
   2455.3860000000000      -0.37346898317592681       0.37083909482199473     
   2459.3850000000002      -0.36278393265784925       0.36004459572258596     
   2463.3840000000005      -0.35167096795153741       0.34882868992610666     
   2467.3830000000003      -0.34015573351065487       0.33721690816747107     
   2471.3820000000005      -0.32826471306671340       0.32523632934813695     
   2475.3810000000003      -0.31602576435190688       0.31291460880087218     
   2479.3800000000006      -0.30346545181751072       0.30027804647100426     
   2483.3789999999999      -0.29061063898937045       0.28735405003811892     
   2487.3780000000002      -0.27748963645772623       0.27417081110513164     
   2491.3770000000004      -0.26412948710588935       0.26075496923874397     
   2495.3760000000002      -0.25055696073050621       0.24713375449419400     
   2499.3750000000005      -0.23680028105673007       0.23333537625893963     
   2503.3740000000003      -0.22288654260927585       0.21938641102169407     
   2507.3730000000005      -0.20884198781194471       0.20531343756516018     
   2511.3720000000003      -0.19469421984782004       0.19114416126035602     
   2515.3710000000001      -0.18046997139386936       0.17690472279705688     
   2519.3700000000003      -0.16619458386529457       0.16262063703068724     
   2523.3690000000001      -0.15189453003714448       0.14831859179226425     
   2527.3680000000004      -0.13759577067047921       0.13402393592617715     
   2531.3670000000006      -0.12332243537592759       0.11976077746218242     
   2535.3660000000004      -0.10909940024304950       0.10555429639852137     
   2539.3650000000002       -9.4951443721605105E-002   9.1428702216714425E-002
   2543.3640000000000       -8.0901235683891612E-002   7.7406433252434015E-002
   2547.3630000000003       -6.6971658194299455E-002   6.3510720489435887E-002
   2551.3620000000005       -5.3185897593585815E-002   4.9764286829241132E-002
   2555.3610000000003       -3.9564964944179243E-002   3.6187708556841343E-002
   2559.3600000000006       -2.6129435951502581E-002   2.2801893030030874E-002
   2563.3590000000004       -1.2900503423041967E-002   9.6277289714682482E-003
   2567.3580000000002        1.0264169747966571E-004  -3.3161946861432635E-003
   2571.3570000000000        1.2861939080752151E-002  -1.6011577052252195E-002
   2575.3560000000002        2.5358570841610223E-002  -2.8439712964546518E-002
   2579.3550000000005        3.7575313246080308E-002  -4.0584081701543942E-002
   2583.3540000000003        4.9496719042107756E-002  -5.2429160901032612E-002
   2587.3530000000005        6.1106684193173229E-002  -6.3958769913963834E-002
   2591.3520000000003        7.2390107654099783E-002  -7.5158517944191872E-002
   2595.3510000000001        8.3334141531556313E-002  -8.6015703265283072E-002
   2599.3500000000004        9.3925657274936042E-002  -9.6516976613498867E-002
   2603.3490000000002       0.10415186375039709      -0.10665015913280912     
   2607.3480000000004       0.11400241356605603      -0.11640528931129718     
   2611.3470000000002       0.12346729736378462      -0.12577207916526645     
   2615.3460000000005       0.13253625382002976      -0.13474068691289848     
   2619.3450000000007       0.14120129447601965      -0.14330371538023939     
   2623.3440000000001       0.14945552239407306      -0.15145404388409012     
   2627.3430000000003       0.15729143806277618      -0.15918434315440533     
   2631.3420000000001       0.16470328525392930      -0.16648956446105032     
   2635.3410000000003       0.17168711256716360      -0.17336569994851353     
   2639.3400000000006       0.17823837748227656      -0.17980813147463764     
   2643.3390000000004       0.18435349405986884      -0.18581396515086865     
   2647.3380000000006       0.19003115151194738      -0.19138207878452035     
   2651.3370000000000       0.19526985908545205      -0.19651073457169163     
   2655.3360000000002       0.20006823574696547      -0.20119908567638645     
   2659.3350000000005       0.20442722891799636      -0.20544852335331004     
   2663.3340000000003       0.20834832781237855      -0.20926025175822671     
   2667.3330000000005       0.21183247548803638      -0.21263548068251209     
   2671.3320000000003       0.21488250770459033      -0.21557767006778122     
   2675.3310000000006       0.21750261787919217      -0.21809084679281493     
   2679.3299999999999       0.21969621648562720      -0.22017838810808860     
   2683.3290000000002       0.22146776659603734      -0.22184541229009447     
   2687.3280000000004       0.22282370239336236      -0.22309842992006951     
   2691.3270000000002       0.22376996562487497      -0.22394311848014065     
   2695.3260000000005       0.22431255660672680      -0.22438598422297706     
   2699.3250000000003       0.22445958454453535      -0.22443549306976540     
   2703.3240000000005       0.22421939839963728      -0.22409965799143619     
   2707.3230000000003       0.22359960940522264      -0.22338630316125052     
   2711.3220000000001       0.22260947184430202      -0.22230523895358612     
   2715.3210000000004       0.22125936373640104      -0.22086663143659713     
   2719.3200000000002       0.21955864977703254      -0.21907972591645974     
   2723.3190000000004       0.21751738149054217      -0.21695514632501964     
   2727.3180000000007       0.21514736115806360      -0.21450475575816130     
   2731.3170000000005       0.21245975749745868      -0.21173937047029490     
   2735.3160000000003       0.20946533734188849      -0.20867013047516850     
   2739.3150000000001       0.20617663389804103      -0.20530992442432611     
   2743.3140000000003       0.20260641757949754      -0.20167114714051465     
   2747.3130000000006       0.19876631479295087      -0.19776545422658498     
   2751.3120000000004       0.19466902131922986      -0.19360605633266498     
   2755.3110000000006       0.19032838712661798      -0.18920663178734809     
   2759.3100000000004       0.18575709030507603      -0.18457955656692887     
   2763.3090000000002       0.18096773366953589      -0.17973786582583626     
   2767.3080000000000       0.17597450208170964      -0.17469589822305637     
   2771.3070000000002       0.17079111951663561      -0.16946692961916904     
   2775.3060000000005       0.16543019961156985      -0.16406369887342268     
   2779.3050000000003       0.15990554814713437      -0.15850042226570007     
   2783.3040000000005       0.15423155456204662      -0.15279116651867464     
   2787.3030000000003       0.14842114169120948      -0.14694860283995337     
   2791.3020000000001       0.14248734189972173      -0.14098618917913364     
   2795.3010000000004       0.13644448572135237      -0.13491825867231430     
   2799.3000000000002       0.13030598090119089      -0.12875774101576815     
   2803.2990000000004       0.12408415765782888      -0.12251712816530347     
   2807.2980000000002       0.11779249611994588      -0.11621021707124579     
   2811.2970000000005       0.11144465266111650      -0.10985025697964890     
   2815.2960000000007       0.10505265068881536      -0.10344903841858299     
   2819.2950000000001        9.8628648647044043E-002  -9.7019112221264525E-002
   2823.2940000000003        9.2185866457867111E-002  -9.0573615972587340E-002
   2827.2930000000001        8.5736350396667521E-002  -8.4124097496330652E-002
   2831.2920000000004        7.9291024238825294E-002  -7.7681631278140512E-002
   2835.2910000000006        7.2861847060646606E-002  -7.1258439706440233E-002
   2839.2900000000004        6.6460757959956290E-002  -6.4866019907779737E-002
   2843.2890000000007        6.0097954246753779E-002  -5.8514314401754544E-002
   2847.2880000000000        5.3783656029807954E-002  -5.2213899997194432E-002
   2851.2870000000003        4.7529025247863475E-002  -4.5975839539040525E-002
   2855.2860000000005        4.1343985169756209E-002  -3.9809533858722615E-002
   2859.2850000000003        3.5237193538394766E-002  -3.3723741139186039E-002
   2863.2840000000006        2.9218198033822716E-002  -2.7728267648189676E-002
   2867.2830000000004        2.3296553417456810E-002  -2.1832237257067573E-002
   2871.2820000000006        1.7480010507917219E-002  -1.6043084256777508E-002
   2875.2809999999999        1.1776099743039911E-002  -1.0368658157594903E-002
   2879.2800000000002        6.1932913343128405E-003  -4.8173818086568506E-003
   2883.2790000000005        7.3895113916272633E-004   6.0392036580116625E-004
   2887.2780000000002       -4.5810413940040942E-003   5.8893608219728263E-003
   2891.2770000000005       -9.7601238294623052E-003   1.1032086495868291E-002
   2895.2760000000003       -1.4791490237065127E-002   1.6025653520245976E-002
   2899.2750000000005       -1.9670094934925053E-002   2.0865422012131742E-002
   2903.2740000000003       -2.4391490475927834E-002   2.5546686291672616E-002
   2907.2730000000001       -2.8950251421688139E-002   3.0063954792146404E-002
   2911.2720000000004       -3.3341687798059995E-002   3.4413064250789334E-002
   2915.2710000000002       -3.7562816570923113E-002   3.8591162859481866E-002
   2919.2700000000004       -4.1610319459803979E-002   4.2594606913485884E-002
   2923.2690000000007       -4.5480258129483454E-002   4.6419676047524047E-002
   2927.2680000000005       -4.9170193372457247E-002   5.0064422523140098E-002
   2931.2670000000003       -5.2678767923413083E-002   5.3527349888040858E-002
   2935.2660000000001       -5.6003720735666992E-002   5.6805983096092610E-002
   2939.2650000000003       -5.9142915610681940E-002   5.9898618105433440E-002
   2943.2640000000006       -6.2095983025054244E-002   6.2805189969474318E-002
   2947.2630000000004       -6.4862781403126651E-002   6.5525254509309697E-002
   2951.2620000000006       -6.7442208888432331E-002   6.8057709359270233E-002
   2955.2610000000004       -6.9834064538409929E-002   7.0402863329347379E-002
   2959.2600000000002       -7.2039671873745326E-002   7.2562099002786540E-002
   2963.2590000000000       -7.4059830950096966E-002   7.4535889861675572E-002
   2967.2580000000003       -7.5894747150209524E-002   7.6324662653028466E-002
   2971.2570000000005       -7.7546063789023206E-002   7.7930511439646605E-002
   2975.2560000000003       -7.9016364715205928E-002   7.9355860018227226E-002
   2979.2550000000006       -8.0307259364006831E-002   8.0602081621521993E-002
   2983.2540000000004       -8.1420344123463523E-002   8.1671155725978092E-002
   2987.2530000000002       -8.2358838665004819E-002   8.2566600764517828E-002
   2991.2520000000004       -8.3126201235547051E-002   8.3291572665258440E-002
   2995.2510000000002       -8.3724807897911063E-002   8.3848364390762015E-002
   2999.2500000000005       -8.4157611834446908E-002   8.4240385085742692E-002
   3003.2490000000003       -8.4429047332456084E-002   8.4472178630564526E-002
   3007.2480000000005       -8.4543149685453900E-002   8.4547424094127174E-002
   3011.2470000000008       -8.4503039259427870E-002   8.4469322493907026E-002
   3015.2460000000001       -8.4312871505746873E-002   8.4242473712064336E-002
   3019.2450000000003       -8.3977915928425684E-002   8.3872076504152154E-002
   3023.2440000000001       -8.3502572685503401E-002   8.3362193920398453E-002
   3027.2430000000004       -8.2890655038936348E-002   8.2716857711451069E-002
   3031.2420000000006       -8.2147278718593175E-002   8.1941555615115610E-002
   3035.2410000000004       -8.1278202801550528E-002   8.1041832207511821E-002
   3039.2400000000007       -8.0288041211770175E-002   8.0022030282706727E-002
   3043.2390000000000       -7.9181200310998484E-002   7.8886869754448669E-002
   3047.2380000000003       -7.7963471297443063E-002   7.7642408763366116E-002
   3051.2370000000001       -7.6640812870862940E-002   7.6294293534473590E-002
   3055.2360000000003       -7.5217932795975245E-002   7.4847047567735470E-002
   3059.2350000000006       -7.3699684706553886E-002   7.3305889497225885E-002
   3063.2340000000004       -7.2092247668131215E-002   7.1677151849959347E-002
   3067.2330000000006       -7.0401548392700547E-002   6.9966392530129123E-002
   3071.2320000000000       -6.8632276810066922E-002   6.8178204649138291E-002
   3075.2310000000002       -6.6789555553551747E-002   6.6318092198221837E-002
   3079.2300000000005       -6.4879688582039324E-002   6.4392407834874210E-002
   3083.2290000000003       -6.2908391954644802E-002   6.2406474008258883E-002
   3087.2280000000005       -6.0880225307153674E-002   6.0364828916465482E-002
   3091.2270000000003       -5.8800387955121936E-002   5.8273046038860944E-002
   3095.2260000000006       -5.6675083327117209E-002   5.6137290726570074E-002
   3099.2250000000008       -5.4509680683155724E-002   5.3962534177848388E-002
   3103.2240000000002       -5.2308496481165659E-002   5.1753129480930277E-002
   3107.2230000000004       -5.0076619731656821E-002   4.9514520542809810E-002
   3111.2220000000002       -4.7819971165153498E-002   4.7252524223238238E-002
   3115.2210000000005       -4.5543469460738555E-002   4.4971666457752385E-002
   3119.2200000000007       -4.3251076650390005E-002   4.2675985712669964E-002
   3123.2190000000005       -4.0947602199092173E-002   4.0370624942359289E-002
   3127.2180000000008       -3.8638547069554989E-002   3.8060936875928660E-002
   3131.2170000000001       -3.6328305213640756E-002   3.5750929797862763E-002
   3135.2160000000003       -3.4020380791595320E-002   3.3444206098441176E-002
   3139.2150000000006       -3.1719156246270586E-002   3.1145464253932477E-002
   3143.2140000000004       -2.9429614270655088E-002   2.8859515039838059E-002
   3147.2130000000006       -2.7155578087260084E-002   2.6589800804726026E-002
   3151.2120000000004       -2.4900008763071847E-002   2.4339386246851936E-002
   3155.2110000000007       -2.2666741267184678E-002   2.2112411695778992E-002
   3159.2100000000000       -2.0460173103738023E-002   1.9913097721857440E-002
   3163.2090000000003       -1.8283534319950445E-002   1.7744293811654065E-002
   3167.2080000000005       -1.6139179535683296E-002   1.5608448761293017E-002
   3171.2070000000003       -1.4030304171453765E-002   1.3509060866531818E-002
   3175.2060000000006       -1.1960682692867939E-002   1.1449740759514535E-002
   3179.2050000000004       -9.9329554243057505E-003   9.4327439434818330E-003
   3183.2040000000006       -7.9488329161856060E-003   7.4598503986375176E-003
   3187.2030000000004       -6.0108018212701652E-003   5.5338533949113224E-003
   3191.2020000000002       -4.1219946155799589E-003   3.6577530233739990E-003
   3195.2010000000005       -2.2844907222958032E-003   1.8332382715861703E-003
   3199.2000000000003       -4.9935255138075225E-004   6.1400997678158703E-005
   3203.1990000000005        1.2316864764323294E-003  -1.6557128285872506E-003
   3207.1980000000008        2.9061431344192513E-003  -3.3157029207704783E-003
   3211.1970000000006        4.5224507994633453E-003  -4.9173959172296479E-003
   3215.1960000000004        6.0801666802044628E-003  -6.4603754481857628E-003
   3219.1950000000002        7.5783329409044951E-003  -7.9433688341580162E-003
   3223.1940000000004        9.0151171359547731E-003  -9.3645584989468424E-003
   3227.1930000000007        1.0389398741586276E-002  -1.0723209413680001E-002
   3231.1920000000005        1.1701286661866834E-002  -1.2019528337647550E-002
   3235.1910000000007        1.2950597654938093E-002  -1.3253028551753887E-002
   3239.1900000000005        1.4136159771394355E-002  -1.4422469578667120E-002
   3243.1890000000003        1.5257229516197400E-002  -1.5527465076430262E-002
   3247.1880000000001        1.6314359345824099E-002  -1.6568747047644439E-002
   3251.1870000000004        1.7308103438294774E-002  -1.7546601218512824E-002
   3255.1860000000006        1.8237967229619640E-002  -1.8460373320106603E-002
   3259.1850000000004        1.9103527865547476E-002  -1.9309939047866778E-002
   3263.1840000000007        1.9905641288539441E-002  -2.0096416035336750E-002
   3267.1830000000004        2.0645518153035732E-002  -2.0820815135304815E-002
   3271.1820000000002        2.1323365243863995E-002  -2.1483098913158138E-002
   3275.1810000000005        2.1939057440060673E-002  -2.2083344697411869E-002
   3279.1800000000003        2.2493596143110611E-002  -2.2622880073260125E-002
   3283.1790000000005        2.2988706303068547E-002  -2.3103335572908473E-002
   3287.1780000000003        2.3425305933134653E-002  -2.3525327860214579E-002
   3291.1770000000006        2.3803593476259016E-002  -2.3889126330331079E-002
   3295.1760000000008        2.4124573710787536E-002  -2.4196087171465982E-002
   3299.1750000000002        2.4390284828255466E-002  -2.4448289773975236E-002
   3303.1740000000004        2.4602327091763992E-002  -2.4647027057574974E-002
   3307.1730000000002        2.4761299330874186E-002  -2.4792815779070387E-002
   3311.1720000000005        2.4868118463504361E-002  -2.4886886485510337E-002
   3315.1710000000007        2.4924882482537190E-002  -2.4931521229321928E-002
   3319.1700000000005        2.4933764824357798E-002  -2.4928651641682908E-002
   3323.1690000000008        2.4895874085206451E-002  -2.4879162279251733E-002
   3327.1680000000001        2.4812048568332391E-002  -2.4784091534248910E-002
   3331.1670000000004        2.4684187791863457E-002  -2.4645633138124914E-002
   3335.1660000000006        2.4514817169395041E-002  -2.4466210977126882E-002
   3339.1650000000004        2.4305640185982844E-002  -2.4247220639130242E-002
   3343.1640000000007        2.4057551023247765E-002  -2.3989578473787278E-002
   3347.1630000000005        2.3772064617625682E-002  -2.3695120927153999E-002
   3351.1620000000007        2.3451721456842829E-002  -2.3366471883587502E-002
   3355.1610000000001        2.3098787400474712E-002  -2.3005609661067447E-002
   3359.1600000000003        2.2714442857430087E-002  -2.2613544318625913E-002
   3363.1590000000006        2.2299806391720328E-002  -2.2191626720889236E-002
   3367.1580000000004        2.1857061797001771E-002  -2.1742287384519776E-002
   3371.1570000000006        2.1388810594750736E-002  -2.1267979883702076E-002
   3375.1560000000004        2.0896732487126417E-002  -2.0770085780129240E-002
