   1691.5770000000002       -7.3758341760664786E-002   7.3364735135962644E-002
   1695.5760000000002       -7.2151098632313809E-002   7.1735826003724384E-002
   1699.5750000000003       -7.0459844996329124E-002   7.0024650258154894E-002
   1703.5740000000003       -6.8690756789609980E-002   6.8236786793553661E-002
   1707.5730000000001       -6.6848190420661188E-002   6.6376621368927052E-002
   1711.5720000000003       -6.4937821840193644E-002   6.4450397056754927E-002
   1715.5710000000004       -6.2966075098809790E-002   6.2464052235316522E-002
   1719.5700000000002       -6.0937415366255521E-002   6.0421845429106391E-002
   1723.5690000000002       -5.8856995374578711E-002   5.8329547337193373E-002
   1727.5680000000002       -5.6731282292270271E-002   5.6193327188334183E-002
   1731.5670000000002       -5.4564914915075063E-002   5.4017394872556454E-002
   1735.5660000000003       -5.2362436443029355E-002   5.1806866908528766E-002
   1739.5650000000003       -5.0130098390865276E-002   4.9567944529222321E-002
   1743.5640000000003       -4.7872769437704230E-002   4.7304906844341729E-002
   1747.5630000000001       -4.5594399838998823E-002   4.5022124416801534E-002
   1751.5620000000001       -4.3300736126567797E-002   4.2725560162654011E-002
   1755.5610000000004       -4.0996869330104463E-002   4.0419659880141678E-002
   1759.5600000000004       -3.8686277355423584E-002   3.8108069473945065E-002
   1763.5590000000002       -3.6373930814536576E-002   3.5796204789783737E-002
   1767.5580000000002       -3.4065038603822428E-002   3.3488714156199674E-002
   1771.5570000000002       -3.1762817088075643E-002   3.1188671823984077E-002
   1775.5560000000000       -2.9471267833880752E-002   2.8900645282301258E-002
   1779.5550000000003       -2.7195481433316068E-002   2.6629390534722047E-002
   1783.5540000000003       -2.4938655598230115E-002   2.4377671239451199E-002
   1787.5530000000003       -2.2703785880606467E-002   2.2149007684714339E-002
   1791.5520000000001       -2.0495499347873529E-002   1.9948015645041242E-002
   1795.5510000000002       -1.8317155591360726E-002   1.7777438520476765E-002
   1799.5500000000004       -1.6170901953270606E-002   1.5639728895901699E-002
   1803.5490000000002       -1.4060517834912517E-002   1.3538982376549656E-002
   1807.5480000000002       -1.1989542157402770E-002   1.1478130814644017E-002
   1811.5470000000003       -9.9596180987336046E-003   9.4587754995717095E-003
   1815.5460000000003       -7.9733847644715694E-003   7.4840807670296080E-003
   1819.5450000000001       -6.0343402208651777E-003   5.5571616021962986E-003
   1823.5440000000003       -4.1440459364269220E-003   3.6791812490535461E-003
   1827.5430000000003       -2.3039458476352219E-003   1.8520966179203415E-003
   1831.5420000000001       -5.1706657060525592E-004   7.8925630864579849E-005
   1835.5410000000002        1.2147905801349924E-003  -1.6391396385238217E-003
   1839.5400000000002        2.8911092289389262E-003  -3.3013283078000577E-003
   1843.5390000000004        4.5098277073530504E-003  -4.9052177777834799E-003
   1847.5380000000002        6.0688779370373256E-003  -6.4492948355159094E-003
   1851.5370000000003        7.5681354836612761E-003  -7.9335874110043701E-003
   1855.5360000000003        9.0068088475827660E-003  -9.3567662580378089E-003
   1859.5350000000001        1.0382916388456433E-002  -1.0717081814030424E-002
   1863.5340000000001        1.1696156112634836E-002  -1.2014737658074134E-002
   1867.5330000000004        1.2946897970160770E-002  -1.3249700448357341E-002
   1871.5320000000004        1.4133850921134374E-002  -1.4420472799643081E-002
   1875.5310000000002        1.5256258572382390E-002  -1.5526890783098588E-002
   1879.5300000000002        1.6315093486981291E-002  -1.6569920409789465E-002
   1883.5290000000002        1.7310268905746239E-002  -1.7548970816776324E-002
   1887.5280000000002        1.8240818513625974E-002  -1.8463405969648565E-002
   1891.5270000000003        1.9107569181327475E-002  -1.9314472677653738E-002
   1895.5260000000003        1.9911673028260794E-002  -2.0102870685139579E-002
   1899.5250000000003        2.0652634085770710E-002  -2.0827966640461916E-002
   1903.5240000000001        2.1330671450188691E-002  -2.1490560191387099E-002
   1907.5230000000004        2.1947590235563367E-002  -2.2092398217782836E-002
   1911.5220000000004        2.2504031857919285E-002  -2.2633632415246061E-002
   1915.5210000000004        2.2999810968493246E-002  -2.3114406225364814E-002
   1919.5200000000004        2.3436489669036754E-002  -2.3536685039775358E-002
   1923.5190000000000        2.3815934747489491E-002  -2.3901893241573963E-002
   1927.5180000000000        2.4138352798332853E-002  -2.4210067486470810E-002
   1931.5170000000003        2.4404518964036070E-002  -2.4462538270711535E-002
   1935.5160000000003        2.4616819004881128E-002  -2.4661685531052253E-002
   1939.5150000000003        2.4776611762864924E-002  -2.4808358821209166E-002
   1943.5140000000004        2.4884203999041031E-002  -2.4903100986429418E-002
   1947.5130000000004        2.4941468259330947E-002  -2.4948238227114439E-002
   1951.5120000000002        2.4950884135315432E-002  -2.4945882901876725E-002
   1955.5110000000002        2.4913276417987573E-002  -2.4896568205485279E-002
   1959.5100000000002        2.4829560298138584E-002  -2.4801701679895979E-002
   1963.5090000000002        2.4702368270948724E-002  -2.4664062185664491E-002
   1967.5080000000003        2.4533754042382068E-002  -2.4485186335892223E-002
   1971.5070000000003        2.4324329613652683E-002  -2.4265725406949379E-002
   1975.5060000000005        2.4075812590178713E-002  -2.4007913286902376E-002
   1979.5050000000001        2.3791067182746643E-002  -2.3714429270058110E-002
   1983.5040000000001        2.3471555503249378E-002  -2.3386288431723752E-002
   1987.5030000000002        2.3118052141492772E-002  -2.3024587105411953E-002
   1991.5020000000002        2.2732952559291409E-002  -2.2632078957602837E-002
   1995.5010000000004        2.2318898995494448E-002  -2.2210991252837320E-002
   1999.5000000000005        2.1876862758916357E-002  -2.1762051351975866E-002
   2003.4990000000005        2.1408012199445377E-002  -2.1286901472319299E-002
   2007.4980000000000        2.0915119377537837E-002  -2.0788433527219312E-002
   2011.4970000000001        2.0400346184501858E-002  -2.0268304617913319E-002
   2015.4960000000001        1.9864382815935857E-002  -1.9727197598204453E-002
   2019.4950000000003        1.9308837862235705E-002  -1.9167215433864203E-002
   2023.4940000000004        1.8736540807155096E-002  -1.8591076716308275E-002
   2027.4930000000004        1.8149099585429838E-002  -1.7999909677346063E-002
   2031.4920000000004        1.7547109737406252E-002  -1.7394502970850170E-002
   2035.4910000000000        1.6932526976151295E-002  -1.6777236280912485E-002
   2039.4900000000002        1.6307993426027727E-002  -1.6150465318182670E-002
   2043.4890000000003        1.5674606199325623E-002  -1.5514899082860502E-002
   2047.4880000000003        1.5032975976788505E-002  -1.4871479019502760E-002
   2051.4870000000005        1.4385254861880806E-002  -1.4222670394469401E-002
   2055.4860000000003        1.3733758091914326E-002  -1.3570392663149019E-002
   2059.4850000000006        1.3079160074991148E-002  -1.2915044342794049E-002
   2063.4839999999999        1.2422113883108196E-002  -1.2257685779933979E-002
   2067.4830000000002        1.1764816097198420E-002  -1.1600713372436447E-002
   2071.4820000000004        1.1109202967108866E-002  -1.0945612468701547E-002
   2075.4810000000002        1.0455610680270611E-002  -1.0292545414367518E-002
   2079.4800000000005        9.8047043493360679E-003  -9.6426169070942553E-003
   2083.4790000000003        9.1586079914916275E-003  -8.9980582653377723E-003
   2087.4780000000005        8.5188902994618419E-003  -8.3599680821689910E-003
   2091.4770000000003        7.8856130322923230E-003  -7.7283107590123412E-003
   2095.4760000000001        7.2593935430155503E-003  -7.1041504587915283E-003
   2099.4750000000004        6.6422087599114898E-003  -6.4895097808114581E-003
   2103.4740000000002        6.0353077012738265E-003  -5.8851666409766579E-003
   2107.4730000000004        5.4385170937862968E-003  -5.2908948655864020E-003
   2111.4720000000002        4.8523340055157830E-003  -4.7076347060855967E-003
   2115.4710000000005        4.2785478649672460E-003  -4.1371933192904126E-003
   2119.4700000000003        3.7181562985283082E-003  -3.5801029978342579E-003
   2123.4690000000001        3.1707772908624297E-003  -3.0359400243592603E-003
   2127.4680000000003        2.6367143382214275E-003  -2.5054442332240541E-003
   2131.4670000000001        2.1175493447137331E-003  -1.9902211472799854E-003
   2135.4660000000003        1.6141088995524973E-003  -1.4906409236141718E-003
   2139.4650000000006        1.1258313678081206E-003  -1.0060790257160779E-003
   2143.4640000000004        6.5275903810988866E-004  -5.3700408635482487E-004
   2147.4630000000002        1.9624856750723505E-004  -8.4834559906251674E-005
   2151.4620000000000       -2.4296080153273536E-004   3.5013138174950814E-004
   2155.4610000000002       -6.6556376112362396E-004   7.6870265438791041E-004
   2159.4600000000005       -1.0718345739754772E-003   1.1707469041886552E-003
   2163.4590000000003       -1.4606731132664156E-003   1.5550353256433961E-003
   2167.4580000000005       -1.8313512329121604E-003   1.9212499379412718E-003
   2171.4570000000003       -2.1846216797567417E-003   2.2703343129180219E-003
   2175.4560000000001       -2.5211084253436641E-003   2.6025470181004337E-003
   2179.4550000000004       -2.8400239555998750E-003   2.9168834614754068E-003
   2183.4540000000002       -3.1405970386239384E-003   3.2129223647004461E-003
   2187.4530000000004       -3.4235280379323598E-003   3.4916465089953903E-003
   2191.4520000000002       -3.6897847803061060E-003   3.7537365015434844E-003
   2195.4510000000005       -3.9389789147404181E-003   3.9984921596935754E-003
   2199.4500000000003       -4.1702889725986295E-003   4.2253367796940781E-003
   2203.4490000000001       -4.3842197983681008E-003   4.4351427797098223E-003
   2207.4480000000003       -4.5820081530772603E-003   4.6289885986985635E-003
   2211.4470000000001       -4.7637695434759580E-003   4.8066059292066017E-003
   2215.4460000000004       -4.9287096689199488E-003   4.9672870801784168E-003
   2219.4450000000002       -5.0769948370524383E-003   5.1116082580734672E-003
   2223.4440000000004       -5.2099530950735261E-003   5.2409170516849726E-003
   2227.4430000000007       -5.3282735727504032E-003   5.3555113464209929E-003
   2231.4420000000000       -5.4313740177845560E-003   5.4547000671722676E-003
   2235.4410000000003       -5.5190151392997856E-003   5.5386104740955313E-003
   2239.4400000000001       -5.5923393072823332E-003   5.6085990632284777E-003
   2243.4390000000003       -5.6525567622586984E-003   5.6655803991553701E-003
   2247.4380000000006       -5.6995544411571602E-003   5.7091500620457120E-003
   2251.4370000000004       -5.7327868214074014E-003   5.7389729988096246E-003
   2255.4360000000006       -5.7529090949174876E-003   5.7560626487761831E-003
   2259.4349999999999       -5.7614003339299166E-003   5.7618089681856308E-003
   2263.4340000000002       -5.7588332587291177E-003   5.7564047842000275E-003
   2267.4330000000004       -5.7446757676783838E-003   5.7392799218104916E-003
   2271.4320000000002       -5.7189251004400986E-003   5.7107963339789918E-003
   2275.4310000000005       -5.6828700511224834E-003   5.6724141101802458E-003
   2279.4300000000003       -5.6377540825521683E-003   5.6250816612062274E-003
   2283.4290000000005       -5.5835312161437679E-003   5.5684727059535392E-003
   2287.4279999999999       -5.5197080434074433E-003   5.5022762615538172E-003
   2291.4270000000001       -5.4468920636756048E-003   5.4274498335358488E-003
   2295.4260000000004       -5.3665794638832042E-003   5.3454531964492709E-003
   2299.4250000000002       -5.2795454688020927E-003   5.2567002979923717E-003
   2303.4240000000004       -5.1853774789757433E-003   5.1606578165627037E-003
   2307.4230000000002       -5.0838545978300715E-003   5.0574069019088006E-003
   2311.4220000000005       -4.9760104044279324E-003   4.9482352402618439E-003
   2315.4210000000003       -4.8632541743077271E-003   4.8343696008250770E-003
   2319.4200000000001       -4.7459217937107986E-003   4.7158065053460579E-003
   2323.4190000000003       -4.6234561496367819E-003   4.5920022915583100E-003
   2327.4180000000001       -4.4959156276237486E-003   4.4633541074545879E-003
   2331.4170000000004       -4.3645372185464647E-003   4.3312538109107814E-003
   2335.4160000000006       -4.2305377065724285E-003   4.1966608547277144E-003
   2339.4150000000004       -4.0939459632005678E-003   4.0593128046777288E-003
   2343.4140000000002       -3.9541672974280715E-003   3.9187088724873670E-003
   2347.4130000000000       -3.8114287456603177E-003   3.7754108963192557E-003
   2351.4120000000003       -3.6670113038277108E-003   3.6307901818890464E-003
   2355.4110000000005       -3.5219614517581141E-003   3.4856106091595731E-003
   2359.4100000000003       -3.3761347615396953E-003   3.3394710142758141E-003
   2363.4090000000006       -3.2289071998075247E-003   3.1918702736281109E-003
   2367.4080000000004       -3.0805291492892379E-003   3.0433815471968060E-003
   2371.4070000000002       -2.9322374695735756E-003   2.8953140523659453E-003
   2375.4060000000004       -2.7849971970031638E-003   2.7483557633601911E-003
   2379.4050000000002       -2.6386119049837901E-003   2.6020589932941969E-003
   2383.4040000000005       -2.4923941232028709E-003   2.4558425581432813E-003
   2387.4030000000002       -2.3464655810596468E-003   2.3101408090897176E-003
   2391.4020000000005       -2.2019495191412564E-003   2.1661765768804858E-003
   2395.4010000000003       -2.0598269108534550E-003   2.0246865235058337E-003
   2399.4000000000001       -1.9199774272628215E-003   1.8852797636757248E-003
   2403.3990000000003       -1.7816399998947284E-003   1.7472418337868964E-003
   2407.3980000000001       -1.6446703217476055E-003   1.6107234807671590E-003
   2411.3970000000004       -1.5099805775609602E-003   1.4768002892398646E-003
   2415.3960000000002       -1.3786278548941181E-003   1.3463553750546280E-003
   2419.3950000000004       -1.2507200213264795E-003   1.2192025249350537E-003
   2423.3940000000007       -1.1254945351240014E-003   1.0945236959652538E-003
   2427.3930000000000       -1.0024446320314405E-003   9.7205436964261651E-004
   2431.3920000000003       -8.8210207752960888E-004   8.5256570234376150E-004
   2435.3910000000001       -7.6554633899217437E-004   7.3708499458333544E-004
   2439.3900000000003       -6.5325709733546062E-004   6.2581175324540029E-004
   2443.3890000000006       -5.4467811964878507E-004   5.1800970195450249E-004
   2447.3880000000004       -4.3898174521521518E-004   4.1297411248205875E-004
   2451.3870000000006       -3.3611978544702205E-004   3.1093281651599011E-004
   2455.3860000000000       -2.3695354267777742E-004   2.1285748152162292E-004
   2459.3850000000002       -1.4234229378800808E-004   1.1942885645081864E-004
   2463.3840000000005       -5.2239347836897861E-005   3.0333959717235271E-005
   2467.3830000000003        3.4204328906633957E-005  -5.5339026924831966E-005
   2471.3820000000005        1.1767153349149697E-004  -1.3807094230902534E-004
   2475.3810000000003        1.9791898430557915E-004  -2.1737667718813315E-004
   2479.3800000000006        2.7403286412002988E-004  -2.9232054533909820E-004
   2483.3789999999999        3.4539789762744671E-004  -3.6250570139647427E-004
   2487.3780000000002        4.1234356558037677E-004  -4.2849061271581690E-004
   2491.3770000000004        4.7580895282853253E-004  -4.9122099467241312E-004
   2495.3760000000002        5.3639968401299892E-004  -5.5108699511592749E-004
   2499.3750000000005        5.9380853916473145E-004  -6.0756627877233879E-004
   2503.3740000000003        6.4716536798751210E-004  -6.5978813072444051E-004
   2507.3730000000005        6.9594017229053376E-004  -7.0743350836878786E-004
   2511.3720000000003        7.4050167381527914E-004  -7.5108670550436585E-004
   2515.3710000000001        7.8180644350161381E-004  -7.9172073932724286E-004
   2519.3700000000003        8.2054347825141955E-004  -8.2983274522431863E-004
   2523.3690000000001        8.5655358849132351E-004  -8.6504746234575204E-004
   2527.3680000000004        8.8904913751168709E-004  -8.9653595765819901E-004
   2531.3670000000006        9.1740407101671652E-004  -9.2383912475717321E-004
   2535.3660000000004        9.4178307970083097E-004  -9.4734378350651858E-004
   2539.3650000000002        9.6305888128066642E-004  -9.6800475968273627E-004
   2543.3640000000000        9.8211748348495001E-004  -9.8658396891850020E-004
   2547.3630000000003        9.9917303177434651E-004  -1.0030773041473041E-003
   2551.3620000000005        1.0136719799275348E-003  -1.0168048428095152E-003
   2555.3610000000003        1.0248417016196247E-003  -1.0270613523156121E-003
   2559.3600000000006        1.0324051288859860E-003  -1.0337706767308192E-003
   2563.3590000000004        1.0368759504458015E-003  -1.0376165778680272E-003
   2567.3580000000002        1.0392177075285261E-003  -1.0395693784352904E-003
   2571.3570000000000        1.0401622321435013E-003  -1.0402046380797825E-003
   2575.3560000000002        1.0397278571391863E-003  -1.0393456838377118E-003
   2579.3550000000005        1.0372926927567018E-003  -1.0362839996464520E-003
   2583.3540000000003        1.0321416851806896E-003  -1.0303862339618103E-003
   2587.3530000000005        1.0240640974237426E-003  -1.0216269142822271E-003
   2591.3520000000003        1.0135696230394794E-003  -1.0106697013536779E-003
   2595.3510000000001        1.0015900039858268E-003  -9.9846311508871438E-004
   2599.3500000000004        9.8889919141766959E-004  -9.8565424056754709E-004
   2603.3490000000002        9.7566036896756022E-004  -9.7222580983386507E-004
   2607.3480000000004        9.6139420186323616E-004  -9.5758449824743987E-004
   2611.3470000000002        9.4536544630092491E-004  -9.4101779152754386E-004
   2615.3460000000005        9.2711702921891351E-004  -9.2220799975731402E-004
   2619.3450000000007        9.0680891415041221E-004  -9.0148037280235395E-004
   2623.3440000000001        8.8516600839648831E-004  -8.7965032775387162E-004
   2627.3430000000003        8.6309024099872765E-004  -8.5758540017235804E-004
   2631.3420000000001        8.4118486506389446E-004  -8.3575466603250928E-004
   2635.3410000000003        8.1946847761761826E-004  -8.1402229512342631E-004
   2639.3400000000006        7.9742565477220395E-004  -7.9178328462511417E-004
   2643.3390000000004        7.7434356147127034E-004  -7.6834434013093602E-004
   2647.3380000000006        7.4973567084777042E-004  -7.4333164490223802E-004
   2651.3370000000000        7.2362704639378542E-004  -7.1691402156071461E-004
   2655.3360000000002        6.9656774691044597E-004  -6.8974367353643738E-004
   2659.3350000000005        6.6938858339546750E-004  -6.6266510535320533E-004
   2663.3340000000003        6.4283590173695141E-004  -6.3634826850966146E-004
   2667.3330000000005        6.1726420662681057E-004  -6.1102055962942634E-004
   2671.3320000000003        5.9251975051128605E-004  -5.8640864099449041E-004
   2675.3310000000006        5.6804914867359193E-004  -5.6189680030671553E-004
   2679.3299999999999        5.4316700365687276E-004  -5.3681602653676093E-004
   2683.3290000000002        5.1735860410579316E-004  -5.1073467680677674E-004
   2687.3280000000004        4.9049503108461890E-004  -4.8363707234354601E-004
   2691.3270000000002        4.6288761854814005E-004  -4.5593404647480503E-004
   2695.3260000000005        4.3517849233544426E-004  -4.2831924647857543E-004
   2699.3250000000003        4.0812354109563697E-004  -4.0153824381325117E-004
   2703.3240000000005        3.8235358128555570E-004  -3.7615791876242227E-004
   2707.3230000000003        3.5819410053006229E-004  -3.5241043202702217E-004
   2711.3220000000001        3.3559271871815385E-004  -3.3015075388146450E-004
   2715.3210000000004        3.1416227060139653E-004  -3.0892560464938047E-004
   2719.3200000000002        2.9331170187002226E-004  -2.8811922948150789E-004
   2723.3190000000004        2.7241674046293558E-004  -2.6712580845571188E-004
   2727.3180000000007        2.5098012823335648E-004  -2.4550029013404792E-004
   2731.3170000000005        2.2874343566397200E-004  -2.2305425244380743E-004
   2735.3160000000003        2.0573214826810767E-004  -1.9988372319529508E-004
   2739.3150000000001        1.8223555361403468E-004  -1.7633481836368909E-004
   2743.3140000000003        1.5873767500627572E-004  -1.5292597875339435E-004
   2747.3130000000006        1.3582269169379538E-004  -1.3025083907695329E-004
   2751.3120000000004        1.1407824147051341E-004  -1.0888417973922106E-004
   2755.3110000000006        9.4014775395718755E-005  -8.9307312274735615E-005
   2759.3100000000004        7.6011443275807378E-005  -7.1861357639587428E-005
   2763.3090000000002        6.0291295250799825E-005  -5.6729488578957292E-005
   2767.3080000000000        4.6922564064202717E-005  -4.3943762549317448E-005
   2771.3070000000002        3.5839189143758565E-005  -3.3409195625665140E-005
   2775.3060000000005        2.6872516868384196E-005  -2.4937025551739901E-005
   2779.3050000000003        1.9786721964289652E-005  -1.8280068693463940E-005
   2783.3040000000005        1.4312206147388549E-005  -1.3164946213282360E-005
   2787.3030000000003        1.0173342710982393E-005  -9.3180755146378299E-006
   2791.3020000000001        7.1089245876192067E-006  -6.4842228659129829E-006
   2795.3010000000004        4.8852316576785608E-006  -4.4378386912778581E-006
   2799.3000000000002        3.3026508974422039E-006  -2.9882798554901277E-006
   2803.2990000000004        2.1972922247346582E-006  -1.9804206417481422E-006
   2807.2980000000002        1.4391544470304146E-006  -1.2921875579368847E-006
   2811.2970000000005        9.2824616112623164E-007  -8.3035915847192747E-007
   2815.2960000000007        5.8978202734627646E-007  -5.2567070380573557E-007
   2819.2950000000001        3.6925261761167618E-007  -3.2794318641375852E-007
   2823.2940000000003        2.2786887890937864E-007  -2.0167164330405752E-007
   2827.2930000000001        1.3864246982326977E-007  -1.2228454547264558E-007
   2831.2920000000004        8.3190310430498307E-008  -7.3129547838002178E-008
   2835.2910000000006        4.9240768246680839E-008  -4.3143758650243041E-008
   2839.2900000000004        2.8757969750708875E-008  -2.5116052108490608E-008
   2843.2890000000007        1.6575786960523474E-008  -1.4430891556938247E-008
   2847.2880000000000        9.4312560258564987E-009  -8.1853864378912605E-009
   2851.2870000000003        5.2983079082685382E-009  -4.5843870067855421E-009
   2855.2860000000005        2.9394501651561204E-009  -2.5357558074910314E-009
   2859.2850000000003        1.6107997846353581E-009  -1.3854857090326895E-009
   2863.2840000000006        8.7205808033684368E-010  -7.4790444026408093E-010
   2867.2830000000004        4.6650488220110333E-010  -3.9894896892062506E-010
   2871.2820000000006        2.4663195800676640E-010  -2.1032477183468681E-010
   2875.2809999999999        1.2888351777903561E-010  -1.0960670425453899E-010
   2879.2800000000002        6.6584017884953391E-011  -5.6471126182253484E-011
   2883.2790000000005        3.4012165131486714E-011  -2.8769004819966946E-011
   2887.2780000000002        1.7181251842399657E-011  -1.4494266798862060E-011
   2891.2770000000005        8.5840806135074889E-012  -7.2227455155553805E-012
   2895.2760000000003        4.2423959751952678E-012  -3.5604299105505380E-012
   2899.2750000000005        2.0742681197881393E-012  -1.7364166859023860E-012
   2903.2740000000003        1.0034845377710388E-012  -8.3793854247102633E-013
   2907.2730000000001        4.8039943575602128E-013  -4.0015709640872951E-013
   2911.2720000000004        2.2761055144504968E-013  -1.8913010050049385E-013
   2915.2710000000002        1.0674087232556802E-013  -8.8481501215257012E-014
   2919.2700000000004        4.9552579465391581E-014  -4.0978334959871248E-014
   2923.2690000000007        2.2774355049281011E-014  -1.8789398550876081E-014
   2927.2680000000005        1.0363724347833361E-014  -8.5304799382701272E-015
   2931.2670000000003        4.6700312345609181E-015  -3.8351286314665097E-015
   2935.2660000000001        2.0840145371577619E-015  -1.7075554171748435E-015
   2939.2650000000003        9.2108623759493116E-016  -7.5300753622007420E-016
   2943.2640000000006        4.0323549838851863E-016  -3.2892243493062775E-016
   2947.2630000000004        1.7486998704083377E-016  -1.4232990955151288E-016
   2951.2620000000006        7.5129043856611396E-017  -6.1016188908697071E-017
   2955.2610000000004        3.1979629936959558E-017  -2.5916530647713123E-017
   2959.2600000000002        1.3488010053077082E-017  -1.0907548617662773E-017
   2963.2590000000000        5.6372344302066289E-018  -4.5491536218798634E-018
   2967.2580000000003        2.3348663055941774E-018  -1.8802729616158834E-018
   2971.2570000000005        9.5844825916728534E-019  -7.7024847606236545E-019
   2975.2560000000003        3.8995833635779314E-019  -3.1274643755931497E-019
   2979.2550000000006        1.5726856775069628E-019  -1.2587415443439367E-019
   2983.2540000000004        6.2873890929089056E-020  -5.0221967762196459E-020
   2987.2530000000002        2.4919145391653193E-020  -1.9865219595160628E-020
   2991.2520000000004        9.7917275566956364E-021  -7.7904811929261448E-021
   2995.2510000000002        3.8148469450171745E-021  -3.0292459287256809E-021
   2999.2500000000005        1.4737169928989239E-021  -1.1679694943364977E-021
   3003.2490000000003        5.6454313116110595E-022  -4.4656214360312537E-022
   3007.2480000000005        2.1446304685743758E-022  -1.6932139075785698E-022
   3011.2470000000008        8.0798955471799435E-023  -6.3671742595274935E-023
   3015.2460000000001        3.0191311318780886E-023  -2.3747150480888827E-023
   3019.2450000000003        1.1189369304936934E-023  -8.7847707521970892E-024
   3023.2440000000001        4.1133960763639361E-024  -3.2234969866064063E-024
   3027.2430000000004        1.4999959631335264E-024  -1.1733436449327573E-024
   3031.2420000000006        5.4262165137339869E-025  -4.2368881598406962E-025
   3035.2410000000004        1.9473496625993911E-025  -1.5178008452429819E-025
   3039.2400000000007        6.9334979370573089E-026  -5.3944889837102748E-026
   3043.2390000000000        2.4493104651580859E-026  -1.9022816037247838E-026
   3047.2380000000003        8.5849781087655697E-027  -6.6559350836573915E-027
   3051.2370000000001        2.9857876742157549E-027  -2.3108591517986889E-027
   3055.2360000000003        1.0304408444772266E-027  -7.9613723251125346E-028
   3059.2350000000006        3.5289966789902719E-028  -2.7218988074422793E-028
   3063.2340000000004        1.1993962836150628E-028  -9.2351662754258427E-029
   3067.2330000000006        4.0455376377123569E-029  -3.1097458809041878E-029
   3071.2320000000000        1.3542858677922655E-029  -1.0392759592510536E-029
   3075.2310000000002        4.4996951193845250E-030  -3.4473125021425739E-030
   3079.2300000000005        1.4839258646940687E-030  -1.1349895487078853E-030
   3083.2290000000003        4.8575253960970388E-031  -3.7092132586751526E-031
   3087.2280000000005        1.5783698053596781E-031  -1.2032820607758904E-031
   3091.2270000000003        5.0910806910122790E-032  -3.8749438895349678E-032
   3095.2260000000006        1.6301783987265818E-032  -1.2387739291197483E-032
   3099.2250000000008        5.1820347573371480E-033  -3.9315461329552352E-033
   3103.2240000000002        1.6353900053202939E-033  -1.2387825987773603E-033
   3107.2230000000004        5.1240539179663338E-034  -3.8752760735568080E-034
   3111.2220000000002        1.5940157065097622E-034  -1.2036526486762975E-034
   3115.2210000000005        4.9234892966405423E-035  -3.7119793823675784E-035
   3119.2200000000007        1.5099743477341128E-035  -1.1366595105606870E-035
   3123.2190000000005        4.5982938434049182E-036  -3.4561296348820493E-036
   3127.2180000000008        1.3904923566595738E-036  -1.0435146403425247E-036
   3131.2170000000001        4.1754100396126787E-037  -3.1287423431347031E-037
   3135.2160000000003        1.2450934773475307E-037  -9.3157405385106810E-038
   3139.2150000000006        3.6871475014845509E-038  -2.7545753976516159E-038
   3143.2140000000004        1.0843712276249301E-038  -8.0889988842030026E-039
   3147.2130000000006        3.1672135617658653E-039  -2.3591232389501998E-039
   3151.2120000000004        9.1875845307903754E-040  -6.8333696765784707E-040
   3155.2110000000007        2.6470522707641433E-040  -1.9658940871825681E-040
   3159.2100000000000        7.5748350512229858E-041  -5.6174407432471347E-041
   3163.2090000000003        2.1530070647238617E-041  -1.5943443717173915E-041
   3167.2080000000005        6.0784277658342928E-042  -4.4947224952482114E-042
   3171.2070000000003        1.7045993501608398E-042  -1.2586715758501537E-042
   3175.2060000000006        4.7484313355438014E-043  -3.5012428931184169E-043
   3179.2050000000004        1.3139720777582835E-043  -9.6748363542054476E-044
   3183.2040000000006        3.6119472874694412E-044  -2.6557531406749699E-044
   3187.2030000000004        9.8634068591946620E-045  -7.2421148325895449E-045
   3191.2020000000002        2.6757995639221131E-045  -1.9619480437795326E-045
   3195.2010000000005        7.2116050559951190E-046  -5.2803728010319574E-046
   3199.2000000000003        1.9309564859723489E-046  -1.4119102313380759E-046
   3203.1990000000005        5.1367158715583691E-047  -3.7508117567371500E-047
   3207.1980000000008        1.3576294602664202E-047  -9.8998643175039106E-048
   3211.1970000000006        3.5650826787391023E-048  -2.5961450777544152E-048
   3215.1960000000004        9.3016595421960419E-049  -6.7644768383984247E-049
   3219.1950000000002        2.4113677075125918E-049  -1.7512762563450277E-049
   3223.1940000000004        6.2113807151986902E-050  -4.5050518837793585E-050
   3227.1930000000007        1.5898053751857833E-050  -1.1515398861811389E-050
   3231.1920000000005        4.0433387653330672E-051  -2.9248354823962437E-051
   3235.1910000000007        1.0218467556349822E-051  -7.3820375397259317E-052
   3239.1900000000005        2.5661962306598634E-052  -1.8514515447329003E-052
   3243.1890000000003        6.4041464188191890E-053  -4.6144352695868997E-053
   3247.1880000000001        1.5882126674777118E-053  -1.1428876901649625E-053
   3251.1870000000004        3.9141787837000117E-054  -2.8130399229837846E-054
   3255.1860000000006        9.5866246359373190E-055  -6.8808804116261541E-055
   3259.1850000000004        2.3334160808287931E-055  -1.6726928649472109E-055
   3263.1840000000007        5.6445362445127182E-056  -4.0411099353114778E-056
   3267.1830000000004        1.3570069109363416E-056  -9.7029872448599653E-057
   3271.1820000000002        3.2423623494330622E-057  -2.3154667118643099E-057
   3275.1810000000005        7.6997140605352803E-058  -5.4917119139684187E-058
   3279.1800000000003        1.8173097737646237E-058  -1.2945558785850092E-058
   3283.1790000000005        4.2631664150146094E-059  -3.0330901630056807E-059
   3287.1780000000003        9.9401308847305278E-060  -7.0633188641743679E-060
   3291.1770000000006        2.3036465269048029E-060  -1.6349281739924462E-060
   3295.1760000000008        5.3065324532750059E-061  -3.7615099427718124E-061
   3299.1750000000002        1.2150223664222542E-061  -8.6021421575918088E-062
   3303.1740000000004        2.7653066898959750E-062  -1.9554151475161362E-062
   3307.1730000000002        6.2559740553942769E-063  -4.4184127935642528E-063
   3311.1720000000005        1.4068445028785649E-063  -9.9241986790141654E-064
   3315.1710000000007        3.1448765801552076E-064  -2.2158138024777054E-064
   3319.1700000000005        6.9883427063912899E-065  -4.9179763283004303E-065
   3323.1690000000008        1.5437056712844326E-065  -1.0850795441360813E-065
   3327.1680000000001        3.3898545754787960E-066  -2.3799356403447429E-066
   3331.1670000000004        7.3999767133603426E-067  -5.1892402315547789E-067
   3335.1660000000006        1.6059008328543962E-067  -1.1248215078012882E-067
   3339.1650000000004        3.4645948660369112E-068  -2.4238792272399050E-068
   3343.1640000000007        7.4308372391105617E-069  -5.1926857754759404E-069
   3347.1630000000005        1.5844579069716523E-069  -1.1059433923186080E-069
   3351.1620000000007        3.3588248266218457E-070  -2.3417447061243859E-070
   3355.1610000000001        7.0788651221038199E-071  -4.9296707355721653E-071
   3359.1600000000003        1.4832536213856512E-071  -1.0317484790359211E-071
   3363.1590000000006        3.0899288324647020E-072  -2.1469062691183159E-072
   3367.1580000000004        6.3998312147702835E-073  -4.4416193677869660E-073
   3371.1570000000006        1.3178961062948626E-073  -9.1361707438774595E-074
   3375.1560000000004        2.6983109226483814E-074  -1.8684747098237643E-074
