   1691.5770000000002        1.8648520697871162E-002   2.2367017710241049E-002
   1695.5760000000002        1.8629306015814515E-002   2.2350679480978474E-002
   1699.5750000000003        1.8563217351923296E-002   2.2287597224037524E-002
   1703.5740000000003        1.8452221147564146E-002   2.2178348870668309E-002
   1707.5730000000001        1.8295703302749836E-002   2.2023290059212379E-002
   1711.5720000000003        1.8095175986258490E-002   2.1823735443684794E-002
   1715.5710000000004        1.7851406813795621E-002   2.1580898339748376E-002
   1719.5700000000002        1.7565625207125471E-002   2.1294728035010431E-002
   1723.5690000000002        1.7238123320238261E-002   2.0967826382517655E-002
   1727.5680000000002        1.6871292111636772E-002   2.0600189386019895E-002
   1731.5670000000002        1.6465224930196386E-002   2.0193735373549571E-002
   1735.5660000000003        1.6021773683687006E-002   1.9749683966386232E-002
   1739.5650000000003        1.5542652871889929E-002   1.9269706620241071E-002
   1743.5640000000003        1.5028544785636276E-002   1.8754552236191945E-002
   1747.5630000000001        1.4481569648176868E-002   1.8206887256084298E-002
   1751.5620000000001        1.3903174824353623E-002   1.7627495242724184E-002
   1755.5610000000004        1.3295036219667718E-002   1.7018275269067341E-002
   1759.5600000000004        1.2658566221172639E-002   1.6381495294903729E-002
   1763.5590000000002        1.1996403931292889E-002   1.5717951136940200E-002
   1767.5580000000002        1.1308889699676389E-002   1.5030307049303523E-002
   1771.5570000000002        1.0599361270146738E-002   1.4320163882750959E-002
   1775.5560000000000        9.8688970576214854E-003   1.3589528352034873E-002
   1779.5550000000003        9.1195469327011516E-003   1.2839861913897743E-002
   1783.5540000000003        8.3533450804439933E-003   1.2074146651781371E-002
   1787.5530000000003        7.5723403732765896E-003   1.1292986913558541E-002
   1791.5520000000001        6.7781485512809986E-003   1.0499727945838422E-002
   1795.5510000000002        5.9733397582666043E-003   9.6956897670726645E-003
   1799.5500000000004        5.1597914140954207E-003   8.8827992055050924E-003
   1803.5490000000002        4.3388268407547077E-003   8.0635053215348997E-003
   1807.5480000000002        3.5138210280661062E-003   7.2397135634906431E-003
   1811.5470000000003        2.6855153984243724E-003   6.4132318355981117E-003
   1815.5460000000003        1.8567751343989696E-003   5.5863240888687389E-003
   1819.5450000000001        1.0292531592965165E-003   4.7611925020868088E-003
   1823.5440000000003        2.0518098953406332E-004   3.9389252268884952E-003
   1827.5430000000003       -6.1397123312042948E-004   3.1229521539329697E-003
   1831.5420000000001       -1.4252440724738487E-003   2.3138358448798698E-003
   1835.5410000000002       -2.2277714516016037E-003   1.5143037410513633E-003
   1839.5400000000002       -3.0190944396592530E-003   7.2598650251673165E-004
   1843.5390000000004       -3.7970766561807451E-003  -4.9140676562622800E-005
   1847.5380000000002       -4.5607028793959378E-003  -8.0966260147364633E-004
   1851.5370000000003       -5.3072892167674059E-003  -1.5531066569088277E-003
   1855.5360000000003       -6.0356786834160842E-003  -2.2784605463078917E-003
   1859.5350000000001       -6.7438853017946542E-003  -2.9838096475627903E-003
   1863.5340000000001       -7.4305218826347256E-003  -3.6670196315913475E-003
   1867.5330000000004       -8.0933069380415383E-003  -4.3276717343753608E-003
   1871.5320000000004       -8.7319550183459511E-003  -4.9631492752045727E-003
   1875.5310000000002       -9.3436408321821655E-003  -5.5727317552965831E-003
   1879.5300000000002       -9.9278382538324321E-003  -6.1546308018355020E-003
   1883.5290000000002       -1.0482934586574228E-002  -6.7079755465046320E-003
   1887.5280000000002       -1.1007457709065187E-002  -7.2309389749739099E-003
   1891.5270000000003       -1.1500643836232602E-002  -7.7233194270626372E-003
   1895.5260000000003       -1.1961063015556519E-002  -8.1829174393940468E-003
   1899.5250000000003       -1.2387660876987450E-002  -8.6094742800207451E-003
   1903.5240000000001       -1.2779431373174473E-002  -9.0021225672295285E-003
   1907.5230000000004       -1.3136059167272176E-002  -9.3594219434941471E-003
   1911.5220000000004       -1.3455592135203706E-002  -9.6813302744624234E-003
   1915.5210000000004       -1.3738634335476009E-002  -9.9666024467464712E-003
   1919.5200000000004       -1.3983380144124605E-002  -1.0215063319117862E-002
   1923.5190000000000       -1.4190025512248029E-002  -1.0425896641407065E-002
   1927.5180000000000       -1.4357884999807511E-002  -1.0599245431377823E-002
   1931.5170000000003       -1.4486486691338304E-002  -1.0733735120833910E-002
   1935.5160000000003       -1.4575470774980887E-002  -1.0830439624070418E-002
   1939.5150000000003       -1.4624937267476990E-002  -1.0888177547978609E-002
   1943.5140000000004       -1.4634563382620484E-002  -1.0907398918231722E-002
   1947.5130000000004       -1.4604118434736062E-002  -1.0888123419127035E-002
   1951.5120000000002       -1.4534337459351933E-002  -1.0830064793397940E-002
   1955.5110000000002       -1.4424181389932079E-002  -1.0733898920759622E-002
   1959.5100000000002       -1.4275251073737581E-002  -1.0599725598697039E-002
   1963.5090000000002       -1.4086852175235049E-002  -1.0427961578334873E-002
   1967.5080000000003       -1.3859834059589345E-002  -1.0218693648533375E-002
   1971.5070000000003       -1.3594465527636532E-002  -9.9733122605705615E-003
   1975.5060000000005       -1.3291564761918754E-002  -9.6912152890564797E-003
   1979.5050000000001       -1.2951359887833892E-002  -9.3744635878695373E-003
   1983.5040000000001       -1.2575148473977376E-002  -9.0227940099032733E-003
   1987.5030000000002       -1.2163331038497614E-002  -8.6373840590071634E-003
   1991.5020000000002       -1.1716511858707066E-002  -8.2193568548953981E-003
   1995.5010000000004       -1.1236644276784277E-002  -7.7694874133231451E-003
   1999.5000000000005       -1.0723455846373662E-002  -7.2888218312557995E-003
   2003.4990000000005       -1.0179135121328379E-002  -6.7786840968278020E-003
   2007.4980000000000       -9.6041816304665763E-003  -6.2402534926395328E-003
   2011.4970000000001       -9.0001037109428556E-003  -5.6742541725119857E-003
   2015.4960000000001       -8.3678939701015628E-003  -5.0831755593031365E-003
   2019.4950000000003       -7.7095087518186823E-003  -4.4669567407168041E-003
   2023.4940000000004       -7.0254855695190063E-003  -3.8282209238845563E-003
   2027.4930000000004       -6.3179776279066145E-003  -3.1678151992755696E-003
   2031.4920000000004       -5.5883479611312219E-003  -2.4874013843870870E-003
   2035.4910000000000       -4.8375661900488297E-003  -1.7885807834239742E-003
   2039.4900000000002       -4.0682848719646898E-003  -1.0730937544313353E-003
   2043.4890000000003       -3.2810295819063725E-003  -3.4226105331999703E-004
   2047.4880000000003       -2.4782533689257269E-003   4.0196751917083028E-004
   2051.4870000000005       -1.6612212802788844E-003   1.1577095592795429E-003
   2055.4860000000003       -8.3199935383400001E-004   1.9240027336506528E-003
   2059.4850000000006        8.1867041623197951E-006   2.6978157059039743E-003
   2063.4839999999999        8.5673006999369920E-004   3.4787504393312910E-003
   2067.4830000000002        1.7127974665400772E-003   4.2639830489844110E-003
   2071.4820000000004        2.5739181092714353E-003   5.0521152550671569E-003
   2075.4810000000002        3.4381959898461402E-003   5.8413141092824245E-003
   2079.4800000000005        4.3046179296831267E-003   6.6298189801200945E-003
   2083.4790000000003        5.1702194614330829E-003   7.4154348919820041E-003
   2087.4780000000005        6.0341052738868027E-003   8.1968654056576544E-003
   2091.4770000000003        6.8939206324911875E-003   8.9720150592962136E-003
   2095.4760000000001        7.7480821023477118E-003   9.7386979319663836E-003
   2099.4750000000004        8.5944214461930700E-003   1.0496259348802550E-002
   2103.4740000000002        9.4319427833501196E-003   1.1241440593604332E-002
   2107.4730000000004        1.0257711475422501E-002   1.1973672956180416E-002
   2111.4720000000002        1.1070924606952703E-002   1.2690631369713370E-002
   2115.4710000000005        1.1869563321838151E-002   1.3390777941166899E-002
   2119.4700000000003        1.2651434243343694E-002   1.4072333192308700E-002
   2123.4690000000001        1.3415813993825619E-002   1.4733992467409415E-002
   2127.4680000000003        1.4160087816639699E-002   1.5373608239026141E-002
   2131.4670000000001        1.4883327613412392E-002   1.5990065293509638E-002
   2135.4660000000003        1.5583598346686843E-002   1.6581873257079188E-002
   2139.4650000000006        1.6259683800404261E-002   1.7146836356336351E-002
   2143.4640000000004        1.6909530197197951E-002   1.7684815531078230E-002
   2147.4630000000002        1.7532693705305993E-002   1.8193105924902059E-002
   2151.4620000000000        1.8126738918546426E-002   1.8671347551567404E-002
   2155.4610000000002        1.8691018459220290E-002   1.9117803057274937E-002
   2159.4600000000005        1.9224247545614456E-002   1.9531409540032921E-002
   2163.4590000000003        1.9724583925173345E-002   1.9910974338167901E-002
   2167.4580000000005        2.0191985849126473E-002   2.0255760734210281E-002
   2171.4570000000003        2.0624384135889861E-002   2.0564151082531942E-002
   2175.4560000000001        2.1021267236325410E-002   2.0835539696784394E-002
   2179.4550000000004        2.1381467714346014E-002   2.1069451625455104E-002
   2183.4540000000002        2.1704537634459998E-002   2.1264081604479051E-002
   2187.4530000000004        2.1988949332213140E-002   2.1420036636675931E-002
   2191.4520000000002        2.2234928201993010E-002   2.1535381951454442E-002
   2195.4510000000005        2.2440881224587265E-002   2.1610337100236049E-002
   2199.4500000000003        2.2606685678156917E-002   2.1644227189302020E-002
   2203.4490000000001        2.2732243014907623E-002   2.1636632424869531E-002
   2207.4480000000003        2.2816149089807041E-002   2.1587005530935746E-002
   2211.4470000000001        2.2859096717366613E-002   2.1495448816476196E-002
   2215.4460000000004        2.2860006355883151E-002   2.1361482622879228E-002
   2219.4450000000002        2.2819234258909558E-002   2.1185017783525457E-002
   2223.4440000000004        2.2736364252442513E-002   2.0966597550210356E-002
   2227.4430000000007        2.2611732745681630E-002   2.0705079392364989E-002
   2231.4420000000000        2.2444685301993186E-002   2.0402019291016669E-002
   2235.4410000000003        2.2236268714714243E-002   2.0056556696563227E-002
   2239.4400000000001        2.1986069475163478E-002   1.9669524935310871E-002
   2243.4390000000003        2.1694388078112553E-002   1.9241168237340137E-002
   2247.4380000000006        2.1362205337253193E-002   1.8771877122762543E-002
   2251.4370000000004        2.0988913832915665E-002   1.8262219079201860E-002
   2255.4360000000006        2.0576203598641284E-002   1.7712927931591724E-002
   2259.4349999999999        2.0123793731413250E-002   1.7124552887541288E-002
   2263.4340000000002        1.9632793741201953E-002   1.6497589130892901E-002
   2267.4330000000004        1.9103701795999205E-002   1.5833691820149876E-002
   2271.4320000000002        1.8537684911239190E-002   1.5132533081802886E-002
   2275.4310000000005        1.7935111819579446E-002   1.4396364444193271E-002
   2279.4300000000003        1.7297491162006868E-002   1.3625227699395824E-002
   2283.4290000000005        1.6625506557836248E-002   1.2820620627214735E-002
   2287.4279999999999        1.5920025826878768E-002   1.1983844547233736E-002
   2291.4270000000001        1.5183062996322773E-002   1.1115771342536126E-002
   2295.4260000000004        1.4414577526439591E-002   1.0217935889192779E-002
   2299.4250000000002        1.3617017429202967E-002   9.2915405552394768E-003
   2303.4240000000004        1.2790882749932425E-002   8.3381543453801762E-003
   2307.4230000000002        1.1937945368240079E-002   7.3587594271639729E-003
   2311.4220000000005        1.1059502162671637E-002   6.3556635870552622E-003
   2315.4210000000003        1.0157069442227870E-002   5.3292709318960487E-003
   2319.4200000000001        9.2320271372762028E-003   4.2823324865706213E-003
   2323.4190000000003        8.2861477243821105E-003   3.2156343097275481E-003
   2327.4180000000001        7.3209552782310654E-003   2.1309934103686998E-003
   2331.4170000000004        6.3376648168548067E-003   1.0305462006388586E-003
   2335.4160000000006        5.3389368671833103E-003  -8.4712609319160907E-005
   2339.4150000000004        4.3251517201374446E-003  -1.2123790444160797E-003
   2343.4140000000002        3.2992572086061600E-003  -2.3511304770352046E-003
   2347.4130000000000        2.2622081248895314E-003  -3.4989108654913874E-003
   2351.4120000000003        1.2159294118019482E-003  -4.6542833224230010E-003
   2355.4110000000005        1.6251659106541420E-004  -5.8146913429958169E-003
   2359.4100000000003       -8.9662008409619842E-004  -6.9793241105912708E-003
   2363.4090000000006       -1.9594659383843126E-003  -8.1453862871859184E-003
   2367.4080000000004       -3.0242883592272807E-003  -9.3115525925208283E-003
   2371.4070000000002       -4.0891088304899730E-003  -1.0476143240327040E-002
   2375.4060000000004       -5.1526084716583308E-003  -1.1636459824161238E-002
   2379.4050000000002       -6.2119600952760395E-003  -1.2791825926602635E-002
   2383.4040000000005       -7.2666753381310199E-003  -1.3939448067581857E-002
   2387.4030000000002       -8.3138387234587864E-003  -1.5078025991989024E-002
   2391.4020000000005       -9.3521290898036305E-003  -1.6205527671100950E-002
   2395.4010000000003       -1.0380016854637504E-002  -1.7320377241180979E-002
   2399.4000000000001       -1.1394995697474344E-002  -1.8420370540542130E-002
   2403.3990000000003       -1.2396181926677470E-002  -1.9504465216289055E-002
   2407.3980000000001       -1.3381290920393632E-002  -2.0570296941460627E-002
   2411.3970000000004       -1.4348882557684361E-002  -2.1616301810263562E-002
   2415.3960000000002       -1.5297082483237443E-002  -2.2641451230622625E-002
   2419.3950000000004       -1.6224781491815544E-002  -2.3642929619152247E-002
   2423.3940000000007       -1.7129527651810476E-002  -2.4620507970113715E-002
   2427.3930000000000       -1.8010781494092971E-002  -2.5571622359706093E-002
   2431.3920000000003       -1.8866323503225035E-002  -2.6495230875745249E-002
   2435.3910000000001       -1.9694724699415547E-002  -2.7389875912794733E-002
   2439.3900000000003       -2.0495268610693132E-002  -2.8254078372262424E-002
   2443.3890000000006       -2.1265495115329335E-002  -2.9086459135244519E-002
   2447.3880000000004       -2.2005183657020051E-002  -2.9885868437197989E-002
   2451.3870000000006       -2.2712273195788585E-002  -3.0650982057855197E-002
   2455.3860000000000       -2.3385962069592425E-002  -3.1380374152352696E-002
   2459.3850000000002       -2.4024967086270024E-002  -3.2073735865522535E-002
   2463.3840000000005       -2.4628399650743395E-002  -3.2728778529281577E-002
   2467.3830000000003       -2.5194839098806893E-002  -3.3345717095359023E-002
   2471.3820000000005       -2.5723721292817719E-002  -3.3922815423173686E-002
   2475.3810000000003       -2.6214050736498060E-002  -3.4459509249150908E-002
   2479.3800000000006       -2.6664670122274737E-002  -3.4955222694394140E-002
   2483.3789999999999       -2.7075622451295349E-002  -3.5408636159440961E-002
   2487.3780000000002       -2.7445016214655352E-002  -3.5819728261484600E-002
   2491.3770000000004       -2.7773448090699780E-002  -3.6187482867931817E-002
   2495.3760000000002       -2.8059564409448352E-002  -3.6511754863890009E-002
   2499.3750000000005       -2.8303185312966772E-002  -3.6791654085021150E-002
   2503.3740000000003       -2.8503986582001085E-002  -3.7027361934821507E-002
   2507.3730000000005       -2.8661242122651535E-002  -3.7217904104694784E-002
   2511.3720000000003       -2.8775190088518112E-002  -3.7363896899798119E-002
   2515.3710000000001       -2.8845341694865894E-002  -3.7464612092289865E-002
   2519.3700000000003       -2.8871777080556434E-002  -3.7519929626047187E-002
   2523.3690000000001       -2.8854035043810049E-002  -3.7530496983129609E-002
   2527.3680000000004       -2.8792868107699401E-002  -3.7495416768079208E-002
   2531.3670000000006       -2.8687523666004446E-002  -3.7416006885367142E-002
   2535.3660000000004       -2.8539106724609874E-002  -3.7291516264172916E-002
   2539.3650000000002       -2.8347171508334146E-002  -3.7122690810341544E-002
   2543.3640000000000       -2.8112075340015013E-002  -3.6909912640781105E-002
   2547.3630000000003       -2.7834943195330180E-002  -3.6653599496053804E-002
   2551.3620000000005       -2.7515183879038677E-002  -3.6354170913774991E-002
   2555.3610000000003       -2.7154345002637498E-002  -3.6012363954982550E-002
   2559.3600000000006       -2.6752290866121138E-002  -3.5628776982579893E-002
   2563.3590000000004       -2.6310069663892023E-002  -3.5203896861163202E-002
   2567.3580000000002       -2.5828351200581103E-002  -3.4739308554495862E-002
   2571.3570000000000       -2.5308055008813758E-002  -3.4234628979608155E-002
   2575.3560000000002       -2.4749716639811379E-002  -3.3692013358817670E-002
   2579.3550000000005       -2.4154671771041861E-002  -3.3111670368034016E-002
   2583.3540000000003       -2.3523801298885004E-002  -3.2494757186065239E-002
   2587.3530000000005       -2.2857752491622519E-002  -3.1842814724661189E-002
   2591.3520000000003       -2.2158570259341703E-002  -3.1156284645575745E-002
   2595.3510000000001       -2.1426191787324786E-002  -3.0437073944746075E-002
   2599.3500000000004       -2.0662994728002936E-002  -2.9685962040673350E-002
   2603.3490000000002       -1.9869533853269467E-002  -2.8904529659350389E-002
   2607.3480000000004       -1.9047196696764426E-002  -2.8093820652071874E-002
   2611.3470000000002       -1.8197751387538409E-002  -2.7255791713726382E-002
   2615.3460000000005       -1.7322065604088208E-002  -2.6391197151151773E-002
   2619.3450000000007       -1.6422071730851071E-002  -2.5502080402381118E-002
   2623.3440000000001       -1.5498833029634364E-002  -2.4589694684288947E-002
   2627.3430000000003       -1.4554218957723956E-002  -2.3655381185251061E-002
   2631.3420000000001       -1.3589413756533757E-002  -2.2701524002560113E-002
   2635.3410000000003       -1.2606589042090931E-002  -2.1728576566837202E-002
   2639.3400000000006       -1.1606585637774136E-002  -2.0739241283592988E-002
   2643.3390000000004       -1.0591650229936782E-002  -1.9734430601137741E-002
   2647.3380000000006       -9.5632218649357534E-003  -1.8716220836433480E-002
   2651.3370000000000       -8.5227579693233323E-003  -1.7686335326439227E-002
   2655.3360000000002       -7.4726680805612990E-003  -1.6646142474082491E-002
   2659.3350000000005       -6.4135402306787787E-003  -1.5597723695323159E-002
   2663.3340000000003       -5.3482109618952691E-003  -1.4542571710031225E-002
   2667.3330000000005       -4.2776505553394047E-003  -1.3482688539207057E-002
   2671.3320000000003       -3.2039118430642367E-003  -1.2419397584345656E-002
   2675.3310000000006       -2.1287477123376952E-003  -1.1355029724207086E-002
   2679.3299999999999       -1.0536138853109913E-003  -1.0290566693152578E-002
   2683.3290000000002        1.9413181070261458E-005  -9.2285761964895803E-003
   2687.3280000000004        1.0888472880476252E-003  -8.1701814882519114E-003
   2691.3270000000002        2.1528250057697481E-003  -7.1170995829108741E-003
   2695.3260000000005        3.2099954118436020E-003  -6.0716645620520421E-003
   2699.3250000000003        4.2580000478517508E-003  -5.0345491299249841E-003
   2703.3240000000005        5.2960393305478502E-003  -4.0085054038117053E-003
   2707.3230000000003        6.3216300022606638E-003  -2.9942710450192966E-003
   2711.3220000000001        7.3337325071159152E-003  -1.9938879131018686E-003
   2715.3210000000004        8.3307559785652449E-003  -1.0089905566761080E-003
   2719.3200000000002        9.3104193602541012E-003  -4.0945284419289466E-005
   2723.3190000000004        1.0272290881300867E-002   9.0864504239436452E-004
   2727.3180000000007        1.1213833624857842E-002   1.8383254121995419E-003
   2731.3170000000005        1.2134334193320544E-002   2.7465399226447315E-003
   2735.3160000000003        1.3031988798327468E-002   3.6321607016855978E-003
   2739.3150000000001        1.3905407038842105E-002   4.4931935370049608E-003
   2743.3140000000003        1.4753411264861500E-002   5.3292818235972277E-003
   2747.3130000000006        1.5574624283954491E-002   6.1381703622829572E-003
   2751.3120000000004        1.6367799291363675E-002   6.9192400089193497E-003
   2755.3110000000006        1.7131598741243245E-002   7.6712315786985601E-003
   2759.3100000000004        1.7865241746488552E-002   8.3925629811204081E-003
   2763.3090000000002        1.8566997753890084E-002   9.0830440317347435E-003
   2767.3080000000000        1.9236677235609498E-002   9.7405942007132568E-003
   2771.3070000000002        1.9872362482682759E-002   1.0365129071371493E-002
   2775.3060000000005        2.0473768250960055E-002   1.0955258221205657E-002
   2779.3050000000003        2.1039923803020451E-002   1.1510248677121188E-002
   2783.3040000000005        2.1569511326349645E-002   1.2029432737354804E-002
   2787.3030000000003        2.2062719547267642E-002   1.2511883097047682E-002
   2791.3020000000001        2.2517720385815437E-002   1.2957038478062219E-002
   2795.3010000000004        2.2934803673644266E-002   1.3364313124107078E-002
   2799.3000000000002        2.3312975842350248E-002   1.3733278972291782E-002
   2803.2990000000004        2.3651683200657570E-002   1.4062982575187134E-002
   2807.2980000000002        2.3950725987169096E-002   1.4353884758310259E-002
   2811.2970000000005        2.4209531009306569E-002   1.4604608593275770E-002
   2815.2960000000007        2.4427828398397196E-002   1.4815709950608070E-002
   2819.2950000000001        2.4605400148957887E-002   1.4986716289381474E-002
   2823.2940000000003        2.4742209022930745E-002   1.5117020896534683E-002
   2827.2930000000001        2.4837607884872059E-002   1.5207542698005559E-002
   2831.2920000000004        2.4892440945259081E-002   1.5257126075292530E-002
   2835.2910000000006        2.4905737781654679E-002   1.5266742869401636E-002
   2839.2900000000004        2.4878308349445748E-002   1.5236040846776797E-002
   2843.2890000000007        2.4810138334416899E-002   1.5165214999052084E-002
   2847.2880000000000        2.4700920869050111E-002   1.5054754890511052E-002
   2851.2870000000003        2.4551947948638013E-002   1.4904714155972739E-002
   2855.2860000000005        2.4362396407115738E-002   1.4715606514494273E-002
   2859.2850000000003        2.4133607331445990E-002   1.4487836076602421E-002
   2863.2840000000006        2.3865591029010848E-002   1.4221980860769430E-002
   2867.2830000000004        2.3558811751079108E-002   1.3918242487306684E-002
   2871.2820000000006        2.3214219844962410E-002   1.3577951932437571E-002
   2875.2809999999999        2.2832076913514941E-002   1.3200854047778161E-002
   2879.2800000000002        2.2413288549623576E-002   1.2788484771531963E-002
   2883.2790000000005        2.1958557083186121E-002   1.2341294342450919E-002
   2887.2780000000002        2.1468763035195557E-002   1.1859773940261583E-002
   2891.2770000000005        2.0944466483425898E-002   1.1345809149192624E-002
   2895.2760000000003        2.0387251063598680E-002   1.0799039456659228E-002
   2899.2750000000005        1.9797168747709648E-002   1.0221537185508802E-002
   2903.2740000000003        1.9175989533701532E-002   9.6138165357293626E-003
   2907.2730000000001        1.8524564667566239E-002   8.9768846634006427E-003
   2911.2720000000004        1.7843506295577294E-002   8.3123230340756242E-003
   2915.2710000000002        1.7135016031039122E-002   7.6207555456190117E-003
   2919.2700000000004        1.6399007079296812E-002   6.9037537367486260E-003
   2923.2690000000007        1.5637739793897716E-002   6.1624204414750189E-003
   2927.2680000000005        1.4851998671700655E-002   5.3980900345603194E-003
   2931.2670000000003        1.4042940514753983E-002   4.6118675454474003E-003
   2935.2660000000001        1.3212444055945570E-002   3.8055439513368389E-003
   2939.2650000000003        1.2361200899469954E-002   2.9798221178374109E-003
   2943.2640000000006        1.1491106570641320E-002   2.1367433914644459E-003
   2947.2630000000004        1.0603333254271707E-002   1.2774050274169304E-003
   2951.2620000000006        9.6993494631834390E-003   4.0294130074271153E-004
   2955.2610000000004        8.7805198225103485E-003  -4.8424985508201991E-004
   2959.2600000000002        7.8486635050518463E-003  -1.3839683606231886E-003
   2963.2590000000000        6.9046945891810714E-003  -2.2936122756396352E-003
   2967.2580000000003        5.9506244102106916E-003  -3.2122950412449189E-003
   2971.2570000000005        4.9877962524763116E-003  -4.1385530520077728E-003
   2975.2560000000003        4.0173646502848371E-003  -5.0702510050125715E-003
   2979.2550000000006        3.0417694952340518E-003  -6.0067762145475760E-003
   2983.2540000000004        2.0613030181927611E-003  -6.9458618189333502E-003
   2987.2530000000002        1.0785593846002490E-003  -7.8863800475943279E-003
   2991.2520000000004        9.4580177915040264E-005  -8.8266864365477652E-003
   2995.2510000000002       -8.8926896741535867E-004  -9.7652988899637853E-003
   2999.2500000000005       -1.8708068312385654E-003  -1.0700715999421167E-002
   3003.2490000000003       -2.8495060937594203E-003  -1.1631579938823969E-002
   3007.2480000000005       -3.8229424488635238E-003  -1.2556110507443326E-002
   3011.2470000000008       -4.7901213225291601E-003  -1.3473012283401671E-002
   3015.2460000000001       -5.7495130287332922E-003  -1.4381122214363473E-002
   3019.2450000000003       -6.6995726874322960E-003  -1.5278321917614609E-002
   3023.2440000000001       -7.6389771879991544E-003  -1.6164114437865574E-002
   3027.2430000000004       -8.5662219159544969E-003  -1.7036166060940390E-002
   3031.2420000000006       -9.4798915210234837E-003  -1.7893774309474499E-002
   3035.2410000000004       -1.0378697351571478E-002  -1.8735664684056717E-002
   3039.2400000000007       -1.1261536474457531E-002  -1.9559809629004700E-002
   3043.2390000000000       -1.2126453861800420E-002  -2.0365931166807516E-002
   3047.2380000000003       -1.2972964537793567E-002  -2.1151814787837387E-002
   3051.2370000000001       -1.3799154397053624E-002  -2.1917070705111390E-002
   3055.2360000000003       -1.4604281818267761E-002  -2.2660202047482023E-002
   3059.2350000000006       -1.5387210449995303E-002  -2.3379824245926467E-002
   3063.2340000000004       -1.6146088802638039E-002  -2.4075358071194486E-002
   3067.2330000000006       -1.6880947863664224E-002  -2.4745352496018776E-002
   3071.2320000000000       -1.7589738828648747E-002  -2.5389137968146028E-002
   3075.2310000000002       -1.8272148940409454E-002  -2.6005455985802350E-002
   3079.2300000000005       -1.8926919190775032E-002  -2.6593567054555518E-002
   3083.2290000000003       -1.9552894345572249E-002  -2.7152473736438233E-002
   3087.2280000000005       -2.0149912492999855E-002  -2.7681690225281570E-002
   3091.2270000000003       -2.0716432324178809E-002  -2.8180006644309155E-002
   3095.2260000000006       -2.1252173812016221E-002  -2.8646915735710543E-002
   3099.2250000000008       -2.1756086545477088E-002  -2.9081882551921005E-002
   3103.2240000000002       -2.2227711730272603E-002  -2.9483876592885531E-002
   3107.2230000000004       -2.2666422516612810E-002  -2.9853074431291503E-002
   3111.2220000000002       -2.3071616246283108E-002  -3.0187980926440323E-002
   3115.2210000000005       -2.3442683680068379E-002  -3.0488936694261289E-002
   3119.2200000000007       -2.3779249101608647E-002  -3.0755281926546495E-002
   3123.2190000000005       -2.4081120022250671E-002  -3.0986427166657317E-002
   3127.2180000000008       -2.4347494078165076E-002  -3.1182676673802954E-002
   3131.2170000000001       -2.4578629728210906E-002  -3.1342860189833441E-002
   3135.2160000000003       -2.4773611952409905E-002  -3.1467771989753472E-002
   3139.2150000000006       -2.4932914169412856E-002  -3.1556700894042278E-002
   3143.2140000000004       -2.5056182635012809E-002  -3.1609668208274752E-002
   3147.2130000000006       -2.5142985130796221E-002  -3.1626813750962282E-002
   3151.2120000000004       -2.5193999314582664E-002  -3.1607787248320585E-002
   3155.2110000000007       -2.5208384625881982E-002  -3.1553250710528738E-002
   3159.2100000000000       -2.5187181439344345E-002  -3.1462860118526802E-002
   3163.2090000000003       -2.5129854450138826E-002  -3.1337025518648698E-002
   3167.2080000000005       -2.5036673002413128E-002  -3.1175843995266954E-002
   3171.2070000000003       -2.4908293966107071E-002  -3.0979816423651083E-002
   3175.2060000000006       -2.4744388477257233E-002  -3.0749151474629560E-002
   3179.2050000000004       -2.4546056253517114E-002  -3.0484301676010669E-002
   3183.2040000000006       -2.4312986793849366E-002  -3.0185659941727835E-002
   3187.2030000000004       -2.4045998071711931E-002  -2.9853637647124787E-002
   3191.2020000000002       -2.3745603894710202E-002  -2.9489216328604469E-002
   3195.2010000000005       -2.3412184718112187E-002  -2.9092288626060461E-002
   3199.2000000000003       -2.3046518023089459E-002  -2.8664192800800861E-002
   3203.1990000000005       -2.2649014953053638E-002  -2.8205050531072771E-002
   3207.1980000000008       -2.2220551748025792E-002  -2.7715843321775246E-002
   3211.1970000000006       -2.1761730729132362E-002  -2.7197607934937116E-002
   3215.1960000000004       -2.1273515574753887E-002  -2.6650339063105662E-002
   3219.1950000000002       -2.0756307195575849E-002  -2.6075922346219908E-002
   3223.1940000000004       -2.0211441804280972E-002  -2.5474323320613154E-002
   3227.1930000000007       -1.9639433374179179E-002  -2.4847015677294394E-002
   3231.1920000000005       -1.9041297284765647E-002  -2.4194925974003995E-002
   3235.1910000000007       -1.8418272553929155E-002  -2.3518510008367188E-002
   3239.1900000000005       -1.7770615367593882E-002  -2.2819642589793077E-002
   3243.1890000000003       -1.7100342814102734E-002  -2.2098553895064522E-002
   3247.1880000000001       -1.6407593552722279E-002  -2.1356829445838655E-002
   3251.1870000000004       -1.5693894015814683E-002  -2.0595420123034613E-002
   3255.1860000000006       -1.4960484931096876E-002  -1.9815319600509255E-002
   3259.1850000000004       -1.4207806502586776E-002  -1.9017955681924246E-002
   3263.1840000000007       -1.3438014225563413E-002  -1.8204246393949571E-002
   3267.1830000000004       -1.2651269271255426E-002  -1.7375469333046980E-002
   3271.1820000000002       -1.1849372947552443E-002  -1.6532835353258044E-002
   3275.1810000000005       -1.1033463737404662E-002  -1.5677672684461078E-002
   3279.1800000000003       -1.0204392538436321E-002  -1.4810893542095284E-002
   3283.1790000000005       -9.3639432976263502E-003  -1.3934195867686251E-002
   3287.1780000000003       -8.5127782878283292E-003  -1.3048363096478791E-002
   3291.1770000000006       -7.6525649738802314E-003  -1.2154990685204994E-002
   3295.1760000000008       -6.7844145813042746E-003  -1.1255412987476602E-002
   3299.1750000000002       -5.9095759115129279E-003  -1.0350322961893886E-002
   3303.1740000000004       -5.0292782741021957E-003  -9.4418732339245585E-003
   3307.1730000000002       -4.1448814537808059E-003  -8.5304715275394700E-003
   3311.1720000000005       -3.2575930334715194E-003  -7.6180327580174572E-003
   3315.1710000000007       -2.3686786159342523E-003  -6.7056297957209087E-003
   3319.1700000000005       -1.4795246046583120E-003  -5.7941273748255678E-003
   3323.1690000000008       -5.9098890292642479E-004  -4.8856249174620298E-003
   3327.1680000000001        2.9505952607158980E-004  -3.9804485291292562E-003
   3331.1670000000004        1.1779613460614316E-003  -3.0806021514863309E-003
   3335.1660000000006        2.0561457542806012E-003  -2.1868542090423102E-003
   3339.1650000000004        2.9284275399937905E-003  -1.3004078946619792E-003
   3343.1640000000007        3.7939888796743445E-003  -4.2291901993710005E-004
   3347.1630000000005        4.6508636882152858E-003   4.4508038505082590E-004
   3351.1620000000007        5.4987800230322393E-003   1.3018235455326695E-003
   3355.1610000000001        6.3359034666018365E-003   2.1466585824556584E-003
   3359.1600000000003        7.1614415088672168E-003   2.9781841081681294E-003
   3363.1590000000006        7.9743833088481830E-003   3.7953000992629231E-003
   3367.1580000000004        8.7730816654230277E-003   4.5971297853088016E-003
   3371.1570000000006        9.5573393100098925E-003   5.3824048171154243E-003
   3375.1560000000004        1.0325305429535466E-002   6.1503593278077152E-003
