   1691.5770000000002       -1.5792341414217284E-004   7.1373803156070748E-003
   1695.5760000000002       -1.5845421899868907E-004   7.1367092787601857E-003
   1699.5750000000003       -1.5845923071818228E-004   7.1343799532962281E-003
   1703.5740000000003       -1.5827767454568977E-004   7.1310245312497722E-003
   1707.5730000000001       -1.5753832446624677E-004   7.1262373749001367E-003
   1711.5720000000003       -1.5650232654327743E-004   7.1203327769873235E-003
   1715.5710000000004       -1.5503887093992448E-004   7.1132330089009573E-003
   1719.5700000000002       -1.5308767449222693E-004   7.1049117542690806E-003
   1723.5690000000002       -1.5091736607975853E-004   7.0955837384675952E-003
   1727.5680000000002       -1.4809479209914239E-004   7.0850627866713275E-003
   1731.5670000000002       -1.4512503952928237E-004   7.0736363339022760E-003
   1735.5660000000003       -1.4146521043487950E-004   7.0610645838969687E-003
   1739.5650000000003       -1.3772116194459030E-004   7.0476132712297378E-003
   1743.5640000000003       -1.3328497621213639E-004   7.0332000338087985E-003
   1747.5630000000001       -1.2873198811528514E-004   7.0178937370913045E-003
   1751.5620000000001       -1.2354554273876872E-004   7.0017798506215433E-003
   1755.5610000000004       -1.1818916859886972E-004   6.9847903920617609E-003
   1759.5600000000004       -1.1233324420634698E-004   6.9670893275154402E-003
   1763.5590000000002       -1.0616604228443213E-004   6.9487078045842119E-003
   1767.5580000000002       -9.9608495941044795E-005   6.9295416645490876E-003
   1771.5570000000002       -9.2709475821231655E-005   6.9099113045722142E-003
   1775.5560000000000       -8.5477543649470475E-005   6.8894516155254071E-003
   1779.5550000000003       -7.7931126461488359E-005   6.8687477391563383E-003
   1783.5540000000003       -6.9985395913615858E-005   6.8471988056868337E-003
   1787.5530000000003       -6.1887332810430635E-005   6.8255032127140661E-003
   1791.5520000000001       -5.3317195828838379E-005   6.8030402868123618E-003
   1795.5510000000002       -4.4706191451710485E-005   6.7805106497921437E-003
   1799.5500000000004       -3.5582576857495351E-005   6.7573541996845399E-003
   1803.5490000000002       -2.6438813214173078E-005   6.7340704312412450E-003
   1807.5480000000002       -1.6931840927343362E-005   6.7103927250606182E-003
   1811.5470000000003       -7.2625601411599222E-006   6.6865006534597444E-003
   1815.5460000000003        2.5561242003202425E-006   6.6625013959094861E-003
   1819.5450000000001        1.2749143827317565E-005   6.6381748750397448E-003
   1823.5440000000003        2.2794215388408957E-005   6.6138426554188477E-003
   1827.5430000000003        3.3345648428610231E-005   6.5893528642964778E-003
   1831.5420000000001        4.3675109868607719E-005   6.5647566409869325E-003
   1835.5410000000002        5.4435218815285799E-005   6.5402573434975757E-003
   1839.5400000000002        6.5043746823792458E-005   6.5154907965732914E-003
   1843.5390000000004        7.5844690040247477E-005   6.4909726152541057E-003
   1847.5380000000002        8.6640869614055052E-005   6.4663173290034001E-003
   1851.5370000000003        9.7515106737172056E-005   6.4418074447332579E-003
   1855.5360000000003        1.0837936617190825E-004   6.4173577327683801E-003
   1859.5350000000001        1.1923873644464114E-004   6.3929092169214222E-003
   1863.5340000000001        1.3007226988921824E-004   6.3687993356803217E-003
   1867.5330000000004        1.4093927683645575E-004   6.3445234961387389E-003
   1871.5320000000004        1.5163706097868996E-004   6.3207765879505148E-003
   1875.5310000000002        1.6247724138410396E-004   6.2967589391177206E-003
   1879.5300000000002        1.7290172417606470E-004   6.2733417281191795E-003
   1883.5290000000002        1.8365428359493540E-004   6.2497788070148474E-003
   1887.5280000000002        1.9386908234490628E-004   6.2266211217560322E-003
   1891.5270000000003        2.0428554192378375E-004   6.2035306725610490E-003
   1895.5260000000003        2.1432129315823170E-004   6.1806854456226022E-003
   1899.5250000000003        2.2428495475633166E-004   6.1580636844495449E-003
   1903.5240000000001        2.3413458097369688E-004   6.1356123215175499E-003
   1907.5230000000004        2.4361474850865443E-004   6.1133825977670933E-003
   1911.5220000000004        2.5314114584448733E-004   6.0913636512768023E-003
   1915.5210000000004        2.6217335018333284E-004   6.0695002626824915E-003
   1919.5200000000004        2.7128389658985475E-004   6.0480058017143793E-003
   1923.5190000000000        2.7995298412012229E-004   6.0264211111147959E-003
   1927.5180000000000        2.8848031878643532E-004   6.0053561421641501E-003
   1931.5170000000003        2.9676029864510449E-004   5.9841606551688364E-003
   1935.5160000000003        3.0476305293591541E-004   5.9633628968553971E-003
   1939.5150000000003        3.1252484370756931E-004   5.9425796415619380E-003
   1943.5140000000004        3.2003042539686098E-004   5.9219430212593925E-003
   1947.5130000000004        3.2720125200801054E-004   5.9015115466923666E-003
   1951.5120000000002        3.3420308541878743E-004   5.8810071574636504E-003
   1955.5110000000002        3.4078015887236855E-004   5.8608542267174022E-003
   1959.5100000000002        3.4729569759296578E-004   5.8404552010223260E-003
   1963.5090000000002        3.5324255164816609E-004   5.8204173248482035E-003
   1967.5080000000003        3.5925730351979998E-004   5.8001641468816674E-003
   1971.5070000000003        3.6466323766918564E-004   5.7801429948028775E-003
   1975.5060000000005        3.7013278587906258E-004   5.7599244470921355E-003
   1979.5050000000001        3.7501978357688131E-004   5.7398279042401414E-003
   1983.5040000000001        3.7990547363161802E-004   5.7195811061189336E-003
   1987.5030000000002        3.8437598015148705E-004   5.6993402723367198E-003
   1991.5020000000002        3.8864784371278301E-004   5.6788998531427997E-003
   1995.5010000000004        3.9268692851140660E-004   5.6584287668565150E-003
   1999.5000000000005        3.9640194691625537E-004   5.6377143559411345E-003
   2003.4990000000005        4.0001586477497828E-004   5.6169492701606052E-003
   2007.4980000000000        4.0327192443806133E-004   5.5958330454097373E-003
   2011.4970000000001        4.0643667167369955E-004   5.5746758193583124E-003
   2015.4960000000001        4.0929076467136993E-004   5.5530763773406263E-003
   2019.4950000000003        4.1206821260355718E-004   5.5314766419741557E-003
   2023.4940000000004        4.1461084835927762E-004   5.5093171187190846E-003
   2027.4930000000004        4.1702570214149914E-004   5.4870916484400130E-003
   2031.4920000000004        4.1927471441022225E-004   5.4643646360231250E-003
   2035.4910000000000        4.2142078882490930E-004   5.4413589130401013E-003
   2039.4900000000002        4.2339301138464484E-004   5.4180124668500741E-003
   2043.4890000000003        4.2535510713491236E-004   5.3941375751579961E-003
   2047.4880000000003        4.2708035136632746E-004   5.3700414485384727E-003
   2051.4870000000005        4.2891971051951350E-004   5.3452664777080099E-003
   2055.4860000000003        4.3046055255966786E-004   5.3203184516959134E-003
   2059.4850000000006        4.3226205209513082E-004   5.2946176391272214E-003
   2063.4839999999999        4.3368237623261051E-004   5.2687066755397515E-003
   2067.4830000000002        4.3548721742440826E-004   5.2420811598688430E-003
   2071.4820000000004        4.3694176947273221E-004   5.2151319593304359E-003
   2075.4810000000002        4.3874069049384772E-004   5.1875391432213485E-003
   2079.4800000000005        4.4037550067588477E-004   5.1594969257670103E-003
   2083.4790000000003        4.4216751635347748E-004   5.1308672318317924E-003
   2087.4780000000005        4.4406065832458660E-004   5.1017381693099998E-003
   2091.4770000000003        4.4594368408065732E-004   5.0719906277715710E-003
   2095.4760000000001        4.4809073950728500E-004   5.0417816613608692E-003
   2099.4750000000004        4.5019274377968951E-004   5.0108446165294347E-003
   2103.4740000000002        4.5258291863240244E-004   4.9795752885631170E-003
   2107.4730000000004        4.5502409933012697E-004   4.9474655580064421E-003
   2111.4720000000002        4.5771037513380299E-004   4.9151023923632471E-003
   2115.4710000000005        4.6055380940911422E-004   4.8818853723973030E-003
   2119.4700000000003        4.6361677341895586E-004   4.8483722085789546E-003
   2123.4690000000001        4.6689830460111765E-004   4.8141609722421232E-003
   2127.4680000000003        4.7043704944937795E-004   4.7794662842760849E-003
   2131.4670000000001        4.7416628248697417E-004   4.7443124857982416E-003
   2135.4660000000003        4.7825776134652472E-004   4.7084886542041286E-003
   2139.4650000000006        4.8245638989739164E-004   4.6723724584837997E-003
   2143.4640000000004        4.8713454208747470E-004   4.6355042983517360E-003
   2147.4630000000002        4.9182432983359140E-004   4.5984456869757034E-003
   2151.4620000000000        4.9713208007177946E-004   4.5606401393858166E-003
   2155.4610000000002        5.0235792197065351E-004   4.5226709233142665E-003
   2159.4600000000005        5.0828301527185919E-004   4.4840431805045237E-003
   2163.4590000000003        5.1414748967049497E-004   4.4452122932787273E-003
   2167.4580000000005        5.2062937579001466E-004   4.4058915618860614E-003
   2171.4570000000003        5.2724597196767678E-004   4.3663026180715513E-003
   2175.4560000000001        5.3424992161551772E-004   4.3263632999250888E-003
   2179.4550000000004        5.4163266744893510E-004   4.2861678278289395E-003
   2183.4540000000002        5.4920714228609340E-004   4.2456544540400197E-003
   2187.4530000000004        5.5728415815345692E-004   4.2050035852435417E-003
   2191.4520000000002        5.6547656586338423E-004   4.1639722589376076E-003
   2195.4510000000005        5.7415506919087267E-004   4.1230191634641835E-003
   2199.4500000000003        5.8301530413798410E-004   4.0816109774854288E-003
   2203.4490000000001        5.9224645163647187E-004   4.0404168675332976E-003
   2207.4480000000003        6.0174447541289848E-004   3.9988516675568573E-003
   2211.4470000000001        6.1152718864744115E-004   3.9574559327438964E-003
   2215.4460000000004        6.2158857787285066E-004   3.9159863047385432E-003
   2219.4450000000002        6.3197647229571840E-004   3.8745003834465275E-003
   2223.4440000000004        6.4251936394231729E-004   3.8332356574074036E-003
   2227.4430000000007        6.5347651820762400E-004   3.7918647358432928E-003
   2231.4420000000000        6.6445787113998483E-004   3.7508947894971684E-003
   2235.4410000000003        6.7592537576431264E-004   3.7098406581402648E-003
   2239.4400000000001        6.8729683042907490E-004   3.6692540755484579E-003
   2243.4390000000003        6.9917667302016318E-004   3.6286637586037517E-003
   2247.4380000000006        7.1089039910951892E-004   3.5886018536044873E-003
   2251.4370000000004        7.2306940972471142E-004   3.5486335353043679E-003
   2255.4360000000006        7.3511163479537175E-004   3.5092276440005406E-003
   2259.4349999999999        7.4745825036252010E-004   3.4700301361278631E-003
   2263.4340000000002        7.5978270538934098E-004   3.4314291941497507E-003
   2267.4330000000004        7.7222935814699029E-004   3.3931908270673455E-003
   2271.4320000000002        7.8476244715220550E-004   3.3555240267753327E-003
   2275.4310000000005        7.9722578878842600E-004   3.3183490111186520E-003
   2279.4300000000003        8.0986100320640025E-004   3.2818075362136042E-003
   2283.4290000000005        8.2228175059077444E-004   3.2457742155602670E-003
   2287.4279999999999        8.3488986029257905E-004   3.2105393349657540E-003
   2291.4270000000001        8.4721429341180722E-004   3.1757310646434280E-003
   2295.4260000000004        8.5961902462151842E-004   3.1418620656746333E-003
   2299.4250000000002        8.7177850111705164E-004   3.1084984224993614E-003
   2303.4240000000004        8.8388233983093282E-004   3.0760131238713366E-003
   2307.4230000000002        8.9575496778669683E-004   3.0442689212922453E-003
   2311.4220000000005        9.0749298850305261E-004   3.0132265943463264E-003
   2315.4210000000003        9.1892834229997293E-004   2.9832154931730128E-003
   2319.4200000000001        9.3027603170275745E-004   2.9537745250920165E-003
   2323.4190000000003        9.4114593150773510E-004   2.9255173224050643E-003
   2327.4180000000001        9.5201267547826221E-004   2.8978198658921087E-003
   2331.4170000000004        9.6223886416217522E-004   2.8713289839207195E-003
   2335.4160000000006        9.7246404799184697E-004   2.8454854395184828E-003
   2339.4150000000004        9.8203096912099878E-004   2.8207948599650377E-003
   2343.4140000000002        9.9142442230060364E-004   2.7968327294620636E-003
   2347.4130000000000        1.0002696686813059E-003   2.7740016585509676E-003
   2351.4120000000003        1.0087264326973998E-003   2.7519622291240649E-003
   2355.4110000000005        1.0167408075240172E-003   2.7310187228155852E-003
   2359.4100000000003        1.0242013559898827E-003   2.7109375038054653E-003
   2363.4090000000006        1.0312746856639859E-003   2.6919117710230648E-003
   2367.4080000000004        1.0376798991652990E-003   2.6737976752896136E-003
   2371.4070000000002        1.0437402268643518E-003   2.6567543656301033E-003
   2375.4060000000004        1.0490446928655436E-003   2.6405686456948017E-003
   2379.4050000000002        1.0539803754935782E-003   2.6254965862141386E-003
   2383.4040000000005        1.0581479761889096E-003   2.6112893080203490E-003
   2387.4030000000002        1.0618886194027465E-003   2.5980770762948999E-003
   2391.4020000000005        1.0648287547529083E-003   2.5858672550533130E-003
   2395.4010000000003        1.0673285746357144E-003   2.5744567031223309E-003
   2399.4000000000001        1.0689651715686897E-003   2.5641648296080930E-003
   2403.3990000000003        1.0701654662063885E-003   2.5545797880315458E-003
   2407.3980000000001        1.0704873451429775E-003   2.5460921794135645E-003
   2411.3970000000004        1.0703139412739807E-003   2.5382879015284731E-003
   2415.3960000000002        1.0692967900992139E-003   2.5315919175049823E-003
   2419.3950000000004        1.0677686601902321E-003   2.5254797217725208E-003
   2423.3940000000007        1.0653753466139271E-003   2.5204917297609567E-003
   2427.3930000000000        1.0624648514114170E-003   2.5160436287235376E-003
   2431.3920000000003        1.0587350230798938E-003   2.5126150417889358E-003
   2435.3910000000001        1.0543642222078087E-003   2.5097867457440116E-003
   2439.3900000000003        1.0493537775193942E-003   2.5078249974306833E-003
   2443.3890000000006        1.0435147512852024E-003   2.5064428152562369E-003
   2447.3880000000004        1.0371433611351868E-003   2.5058734845318136E-003
   2451.3870000000006        1.0299300199949350E-003   2.5058483373446177E-003
   2455.3860000000000        1.0221878008959012E-003   2.5065209896219850E-003
   2459.3850000000002        1.0136033271468240E-003   2.5077447537559198E-003
   2463.3840000000005        1.0045384732530940E-003   2.5095793287360059E-003
   2467.3830000000003        9.9464167808327626E-004   2.5119453362949617E-003
   2471.3820000000005        9.8429655320276632E-004   2.5147826716169471E-003
   2475.3810000000003        9.7313337993971201E-004   2.5182457530686844E-003
   2479.3800000000006        9.6159410303188388E-004   2.5219323845505066E-003
   2483.3789999999999        9.4920742306615436E-004   2.5263230946642513E-003
   2487.3780000000002        9.3650979901599755E-004   2.5308069323172677E-003
   2491.3770000000004        9.2300201025376271E-004   2.5359273191581486E-003
   2495.3760000000002        9.0917073558614619E-004   2.5411128130474765E-003
   2499.3750000000005        8.9462537220895660E-004   2.5467952099818788E-003
   2503.3740000000003        8.7971275971052056E-004   2.5525532931179274E-003
   2507.3730000000005        8.6422905306745147E-004   2.5587096012854227E-003
   2511.3720000000003        8.4832060915556254E-004   2.5648882099917206E-003
   2515.3710000000001        8.3199130009728472E-004   2.5714122187612729E-003
   2519.3700000000003        8.1518206038913555E-004   2.5779212787133644E-003
   2523.3690000000001        7.9813243986182601E-004   2.5846754615779298E-003
   2527.3680000000004        7.8053108717627000E-004   2.5914242440076701E-003
   2531.3670000000006        7.6283770650074467E-004   2.5982992733721228E-003
   2535.3660000000004        7.4460464102178584E-004   2.6051612091402710E-003
   2539.3650000000002        7.2631719398531412E-004   2.6120694275611829E-003
   2543.3640000000000        7.0759669674059296E-004   2.6189227035639589E-003
   2547.3630000000003        6.8879951343643825E-004   2.6257081659865665E-003
   2551.3620000000005        6.6965752395486966E-004   2.6325188719569788E-003
   2555.3610000000003        6.5052916764169041E-004   2.6390596196766581E-003
   2559.3600000000006        6.3103784783442212E-004   2.6457296484181251E-003
   2563.3590000000004        6.1168553900378306E-004   2.6519873681138078E-003
   2567.3580000000002        5.9201180106737273E-004   2.6584121834432452E-003
   2571.3570000000000        5.7251793483751668E-004   2.6643657536893814E-003
   2575.3560000000002        5.5282310732332224E-004   2.6704434966186995E-003
   2579.3550000000005        5.3329091775298880E-004   2.6760865203385911E-003
   2583.3540000000003        5.1370643711017884E-004   2.6817206354554685E-003
   2587.3530000000005        4.9422643203759088E-004   2.6870077349510258E-003
   2591.3520000000003        4.7487757446276448E-004   2.6921759357856926E-003
   2595.3510000000001        4.5554780461530623E-004   2.6970097913751514E-003
   2599.3500000000004        4.3652262672691923E-004   2.7017130290580794E-003
   2603.3490000000002        4.1746945785629407E-004   2.7060425667487704E-003
   2607.3480000000004        3.9883130797403922E-004   2.7102282672336565E-003
   2611.3470000000002        3.8017822736390700E-004   2.7140955451123742E-003
   2615.3460000000005        3.6201545411414400E-004   2.7177416866195317E-003
   2619.3450000000007        3.4390890059021972E-004   2.7211524734684408E-003
   2623.3440000000001        3.2627544679740252E-004   2.7242628777990789E-003
   2627.3430000000003        3.0882991852808025E-004   2.7272605160143710E-003
   2631.3420000000001        2.9184686169945713E-004   2.7298305413281454E-003
   2635.3410000000003        2.7508936894964423E-004   2.7324484707130572E-003
   2639.3400000000006        2.5889431055938243E-004   2.7344979522856156E-003
   2643.3390000000004        2.4284888785558583E-004   2.7367206023554565E-003
   2647.3380000000006        2.2748778867778973E-004   2.7383501289187312E-003
   2651.3370000000000        2.1227309243029979E-004   2.7401330295038712E-003
   2655.3360000000002        1.9771668728070394E-004   2.7414421224138952E-003
   2659.3350000000005        1.8344861566585151E-004   2.7427836170137295E-003
   2663.3340000000003        1.6969790910275538E-004   2.7438747022661201E-003
   2667.3330000000005        1.5646286461076057E-004   2.7448433258078372E-003
   2671.3320000000003        1.4355416397128832E-004   2.7457631263992253E-003
   2675.3310000000006        1.3139128018266604E-004   2.7464884235026618E-003
   2679.3299999999999        1.1938095681755680E-004   2.7472252826033906E-003
   2683.3290000000002        1.0826379477524489E-004   2.7478731624248488E-003
   2687.3280000000004        9.7252990149968808E-005   2.7484671130755204E-003
   2691.3270000000002        8.7106818915068409E-005   2.7490928772268522E-003
   2695.3260000000005        7.7152266913437163E-005   2.7496611130611642E-003
   2699.3250000000003        6.7927189318361079E-005   2.7502776145597158E-003
   2703.3240000000005        5.9042052549783882E-005   2.7509606888798366E-003
   2707.3230000000003        5.0716868063706969E-005   2.7516155632683311E-003
   2711.3220000000001        4.2859156122579583E-005   2.7525233825652124E-003
   2715.3210000000004        3.5454938705270256E-005   2.7533114164504258E-003
   2719.3200000000002        2.8560022046340974E-005   2.7545512521614411E-003
   2723.3190000000004        2.2124035829272045E-005   2.7555740796322576E-003
   2727.3180000000007        1.6093996201692065E-005   2.7572118180692641E-003
   2731.3170000000005        1.0616018722614064E-005   2.7586361651394196E-003
   2735.3160000000003        5.4445112454656845E-006   2.7606724024923637E-003
   2739.3150000000001        8.0399860128188468E-007   2.7626646941251950E-003
   2743.3140000000003       -3.4974151006431867E-006   2.7651139160989116E-003
   2747.3130000000006       -7.4347609776366483E-006   2.7677930090608659E-003
   2751.3120000000004       -1.0905452827333374E-005   2.7707382796176476E-003
   2755.3110000000006       -1.4196256313436686E-005   2.7741502425346529E-003
   2759.3100000000004       -1.6942640257233043E-005   2.7776946194558671E-003
   2763.3090000000002       -1.9656832675702264E-005   2.7818834180093851E-003
   2767.3080000000000       -2.1752087589057864E-005   2.7861728311901080E-003
   2771.3070000000002       -2.3937655106161915E-005   2.7911662160653300E-003
   2775.3060000000005       -2.5486438680057672E-005   2.7962977779160676E-003
   2779.3050000000003       -2.7191474592433283E-005   2.8021475627889618E-003
   2783.3040000000005       -2.8333645907281722E-005   2.8082062705501202E-003
   2787.3030000000003       -2.9571461825213941E-005   2.8149555269407324E-003
   2791.3020000000001       -3.0451505316054595E-005   2.8219933838450322E-003
   2795.3010000000004       -3.1300166512177339E-005   2.8296388301565509E-003
   2799.3000000000002       -3.2053788428886183E-005   2.8377237903752153E-003
   2803.2990000000004       -3.2593515362108652E-005   2.8463106229895713E-003
   2807.2980000000002       -3.3300673690088602E-005   2.8554080715871887E-003
   2811.2970000000005       -3.3681625566881097E-005   2.8650193201082115E-003
   2815.2960000000007       -3.4389118804143537E-005   2.8750970860448571E-003
   2819.2950000000001       -3.4758392512538363E-005   2.8857917576001514E-003
   2823.2940000000003       -3.5480854367595557E-005   2.8968851729975851E-003
   2827.2930000000001       -3.5968887336342199E-005   2.9086003295969803E-003
   2831.2920000000004       -3.6787390154950108E-005   2.9207667936355644E-003
   2835.2910000000006       -3.7498076333721203E-005   2.9334553240817985E-003
   2839.2900000000004       -3.8473763235386752E-005   2.9466979082650598E-003
   2843.2890000000007       -3.9509616282416826E-005   2.9603095193572381E-003
   2847.2880000000000       -4.0758122844793479E-005   2.9745765454185936E-003
   2851.2870000000003       -4.2190691209022799E-005   2.9890737383778381E-003
   2855.2860000000005       -4.3833975156326414E-005   3.0043164932195368E-003
   2859.2850000000003       -4.5697887116076595E-005   3.0196588146502853E-003
   2863.2840000000006       -4.7838190478480887E-005   3.0357887591940039E-003
   2867.2830000000004       -5.0217402779500423E-005   3.0519371301620047E-003
   2871.2820000000006       -5.2898260972783647E-005   3.0688743242590268E-003
   2875.2809999999999       -5.5848293353759522E-005   3.0858087660052391E-003
   2879.2800000000002       -5.9126537307882488E-005   3.1034114544187764E-003
   2883.2790000000005       -6.2694454580916712E-005   3.1211198256793199E-003
   2887.2780000000002       -6.6625745066354269E-005   3.1392122423870884E-003
   2891.2770000000005       -7.0882776947042161E-005   3.1576667501382011E-003
   2895.2760000000003       -7.5443721438872850E-005   3.1761070468092753E-003
   2899.2750000000005       -8.0531822205208870E-005   3.1951580323323551E-003
   2903.2740000000003       -8.5693272255814865E-005   3.2139105079052369E-003
   2907.2730000000001       -9.1665492030118089E-005   3.2333165692938716E-003
   2911.2720000000004       -9.7501270122676994E-005   3.2523831953543665E-003
   2915.2710000000002       -1.0426272880388360E-004   3.2719232510443424E-003
   2919.2700000000004       -1.1092907235285250E-004   3.2912263372353867E-003
   2923.2690000000007       -1.1834624582765789E-004   3.3107595115534736E-003
   2927.2680000000005       -1.2592280467326529E-004   3.3301706658386207E-003
   2931.2670000000003       -1.3395803238497642E-004   3.3495722295547154E-003
   2935.2660000000001       -1.4241877303867393E-004   3.3689350422247163E-003
   2939.2650000000003       -1.5108020407662007E-004   3.3880748949175411E-003
   2943.2640000000006       -1.6039382192540078E-004   3.4071938226752150E-003
   2947.2630000000004       -1.6967807545636965E-004   3.4259977510912023E-003
   2951.2620000000006       -1.7977671671701796E-004   3.4446229143303901E-003
   2955.2610000000004       -1.8973955482093856E-004   3.4629915195958263E-003
   2959.2600000000002       -2.0048790035341981E-004   3.4809935344148630E-003
   2963.2590000000000       -2.1116274520521989E-004   3.4986881294251483E-003
   2967.2580000000003       -2.2247073760612397E-004   3.5160005299651716E-003
   2971.2570000000005       -2.3380764802724975E-004   3.5328737057247718E-003
   2975.2560000000003       -2.4558151164337039E-004   3.5492976348270133E-003
   2979.2550000000006       -2.5756291918025694E-004   3.5652333656455873E-003
   2983.2540000000004       -2.6969835274259394E-004   3.5806867138432306E-003
   2987.2530000000002       -2.8220061620930301E-004   3.5954361265046063E-003
   2991.2520000000004       -2.9472685466696820E-004   3.6098161299458857E-003
   2995.2510000000002       -3.0759142740866626E-004   3.6232408410461123E-003
   2999.2500000000005       -3.2046829660548889E-004   3.6363867394435872E-003
   3003.2490000000003       -3.3359455267121477E-004   3.6483937142022106E-003
   3007.2480000000005       -3.4675147491354134E-004   3.6600775626167057E-003
   3011.2470000000008       -3.6004839969848250E-004   3.6706356667115031E-003
   3015.2460000000001       -3.7338396757917675E-004   3.6806642387616664E-003
   3019.2450000000003       -3.8674461587473430E-004   3.6897210192783610E-003
   3023.2440000000001       -4.0014428594655003E-004   3.6979404280066928E-003
   3027.2430000000004       -4.1350492411232841E-004   3.7054222988764530E-003
   3031.2420000000006       -4.2678367491386939E-004   3.7117370726661679E-003
   3035.2410000000004       -4.4010067761454441E-004   3.7175185323335886E-003
   3039.2400000000007       -4.5310873614455176E-004   3.7218661708069939E-003
   3043.2390000000000       -4.6629443237525584E-004   3.7257896676285100E-003
   3047.2380000000003       -4.7896987025321486E-004   3.7281924618745828E-003
   3051.2370000000001       -4.9182480134481470E-004   3.7300838225709804E-003
   3055.2360000000003       -5.0415980780890799E-004   3.7305300700892852E-003
   3059.2350000000006       -5.1652656143752105E-004   3.7302625194251182E-003
   3063.2340000000004       -5.2845191928255740E-004   3.7287508235806241E-003
   3067.2330000000006       -5.4019522915652756E-004   3.7262641766679099E-003
   3071.2320000000000       -5.5161752361072868E-004   3.7227748370531784E-003
   3075.2310000000002       -5.6260077709160917E-004   3.7180356822088378E-003
   3079.2300000000005       -5.7346831093337870E-004   3.7124991622603477E-003
   3083.2290000000003       -5.8356089521211494E-004   3.7055964172644225E-003
   3087.2280000000005       -5.9372241128991020E-004   3.6979227201233708E-003
   3091.2270000000003       -6.0292695916301219E-004   3.6888715853329941E-003
   3095.2260000000006       -6.1221881999585690E-004   3.6790348811314546E-003
   3099.2250000000008       -6.2053355412360555E-004   3.6678787534444872E-003
   3103.2240000000002       -6.2878822858322215E-004   3.6558633464169659E-003
   3107.2230000000004       -6.3620422742179604E-004   3.6426513999944974E-003
   3111.2220000000002       -6.4330784149587263E-004   3.6284476843164554E-003
   3115.2210000000005       -6.4980306992657138E-004   3.6132295006051926E-003
   3119.2200000000007       -6.5564772535412505E-004   3.5969626834119637E-003
   3123.2190000000005       -6.6111612798355724E-004   3.5796957740991059E-003
   3127.2180000000008       -6.6572118367997138E-004   3.5614735607542823E-003
   3131.2170000000001       -6.7005440223122902E-004   3.5422442432374501E-003
   3135.2160000000003       -6.7337764358933966E-004   3.5221363206678906E-003
   3139.2150000000006       -6.7649599427801489E-004   3.5010225895717893E-003
   3143.2140000000004       -6.7857114898694419E-004   3.4790738826308439E-003
   3147.2130000000006       -6.8038996863325010E-004   3.4561766163048583E-003
   3151.2120000000004       -6.8126119668568560E-004   3.4324986189309429E-003
   3155.2110000000007       -6.8168432906496831E-004   3.4079263155948605E-003
   3159.2100000000000       -6.8137899423667623E-004   3.3825602426653524E-003
   3163.2090000000003       -6.8043944767693916E-004   3.3564718304747846E-003
   3167.2080000000005       -6.7888902077287237E-004   3.3295247118939530E-003
   3171.2070000000003       -6.7661742583434664E-004   3.3020761341115467E-003
   3175.2060000000006       -6.7379361764891433E-004   3.2736585323076368E-003
   3179.2050000000004       -6.7022810785637805E-004   3.2449508387296291E-003
   3183.2040000000006       -6.6614454722906276E-004   3.2152546706260589E-003
   3187.2030000000004       -6.6129751546064263E-004   3.1853848150479838E-003
   3191.2020000000002       -6.5594963459065690E-004   3.1545914441246398E-003
   3195.2010000000005       -6.4992605062938772E-004   3.1236093014815640E-003
   3199.2000000000003       -6.4334383397315681E-004   3.0919221664768787E-003
   3203.1990000000005       -6.3617595769283140E-004   3.0599378987707852E-003
   3207.1980000000008       -6.2843948964463946E-004   3.0275253492906321E-003
   3211.1970000000006       -6.2015466549473239E-004   2.9946431149334533E-003
   3215.1960000000004       -6.1139368717480079E-004   2.9616729357562531E-003
   3219.1950000000002       -6.0200681145204681E-004   2.9280640403119857E-003
   3223.1940000000004       -5.9227995103014225E-004   2.8946699396996964E-003
   3227.1930000000007       -5.8187973553070480E-004   2.8605141890404953E-003
   3231.1920000000005       -5.7126870575979738E-004   2.8267713724173366E-003
   3235.1910000000007       -5.5995178148855230E-004   2.7923402598134727E-003
   3239.1900000000005       -5.4848943900600677E-004   2.7582839584569399E-003
   3243.1890000000003       -5.3639538768314595E-004   2.7237891686280602E-003
   3247.1880000000001       -5.2416282541676001E-004   2.6894796922500917E-003
   3251.1870000000004       -5.1145896966640523E-004   2.6551057111770006E-003
   3255.1860000000006       -4.9847794739263005E-004   2.6206910580626342E-003
   3259.1850000000004       -4.8531800215979620E-004   2.5865252950447852E-003
   3263.1840000000007       -4.7169595311686620E-004   2.5521416618089210E-003
   3267.1830000000004       -4.5820905835055063E-004   2.5183018260972177E-003
   3271.1820000000002       -4.4405116438805416E-004   2.4841489791174376E-003
   3275.1810000000005       -4.3027092524588161E-004   2.4506731693900354E-003
   3279.1800000000003       -4.1578746626683713E-004   2.4169531397943951E-003
   3283.1790000000005       -4.0174554613135239E-004   2.3838425866805845E-003
   3287.1780000000003       -3.8715288236273332E-004   2.3507790855281721E-003
   3291.1770000000006       -3.7283512952421694E-004   2.3181036363773889E-003
   3295.1760000000008       -3.5832790878288095E-004   2.2857282925436008E-003
   3299.1750000000002       -3.4386232104114127E-004   2.2536249783703241E-003
   3303.1740000000004       -3.2956681478362766E-004   2.2219784774485372E-003
   3307.1730000000002       -3.1505708100002883E-004   2.1905828649441449E-003
   3311.1720000000005       -3.0105869592712581E-004   2.1596888920013919E-003
   3315.1710000000007       -2.8669288212472197E-004   2.1290777338554292E-003
   3319.1700000000005       -2.7303541844060658E-004   2.0989876409232742E-003
   3323.1690000000008       -2.5900334960043747E-004   2.0692773813856297E-003
   3327.1680000000001       -2.4564757089045653E-004   2.0400132804127050E-003
   3331.1670000000004       -2.3217309592471643E-004   2.0112242739589309E-003
   3335.1660000000006       -2.1917885487726533E-004   1.9828771731873343E-003
   3339.1650000000004       -2.0634402539677053E-004   1.9549953034422854E-003
   3343.1640000000007       -1.9382745363785535E-004   1.9276500617866996E-003
   3347.1630000000005       -1.8168201970011357E-004   1.9006255586496161E-003
   3351.1620000000007       -1.6980866296654329E-004   1.8742833886339590E-003
   3355.1610000000001       -1.5842117418645108E-004   1.8481775890735173E-003
   3359.1600000000003       -1.4724876360515149E-004   1.8227923198210147E-003
   3363.1590000000006       -1.3669141975556937E-004   1.7976354273638833E-003
   3367.1580000000004       -1.2633992163174710E-004   1.7731332657572769E-003
   3371.1570000000006       -1.1664928894880192E-004   1.7489779626736978E-003
   3375.1560000000004       -1.0716949537056705E-004   1.7253347324218777E-003
