   3379.1550000000007        7.2754159897941853E-005  -1.4218693206982766E-003
   3383.1540000000005        8.8307668612281080E-005  -1.4340400045057663E-003
   3387.1530000000002        1.0368301101472307E-004  -1.4464955848003372E-003
   3391.1520000000005        1.1928711965976879E-004  -1.4592932015100330E-003
   3395.1510000000003        1.3436797728473809E-004  -1.4722059175850454E-003
   3399.1500000000005        1.4982954539479327E-004  -1.4854153517642084E-003
   3403.1490000000008        1.6462938489053086E-004  -1.4986925933780102E-003
   3407.1480000000006        1.7970928120470916E-004  -1.5121497825104123E-003
   3411.1470000000004        1.9420901254017255E-004  -1.5255880765430794E-003
   3415.1460000000002        2.0879425131903459E-004  -1.5391450741224096E-003
   3419.1450000000004        2.2293076440184915E-004  -1.5525704792737570E-003
   3423.1440000000007        2.3689963557769702E-004  -1.5660726776060938E-003
   3427.1430000000005        2.5060468756011889E-004  -1.5793231378398876E-003
   3431.1420000000007        2.6387634873564357E-004  -1.5925622264045072E-003
   3435.1410000000005        2.7708711860548234E-004  -1.6055083274506136E-003
   3439.1400000000003        2.8959169063317967E-004  -1.6183755975461506E-003
   3443.1390000000001        3.0213405431637043E-004  -1.6308132374355784E-003
   3447.1380000000004        3.1393242551151421E-004  -1.6431640329536948E-003
   3451.1370000000006        3.2563883976501718E-004  -1.6549722173456601E-003
   3455.1360000000004        3.3674536235227812E-004  -1.6665935852725148E-003
   3459.1350000000007        3.4751913365069161E-004  -1.6777555468958584E-003
   3463.1340000000005        3.5785752532471239E-004  -1.6883509204686749E-003
   3467.1330000000003        3.6777095073923242E-004  -1.6987654191011467E-003
   3471.1320000000005        3.7722823266116850E-004  -1.7082915873532062E-003
   3475.1310000000003        3.8624415435552581E-004  -1.7176969150589738E-003
   3479.1300000000006        3.9483970327696072E-004  -1.7260951006493601E-003
   3483.1290000000004        4.0295424332491785E-004  -1.7343376387201682E-003
   3487.1280000000006        4.1062441687503900E-004  -1.7415730105087943E-003
   3491.1270000000009        4.1781403965027565E-004  -1.7484579703661014E-003
   3495.1260000000002        4.2459240582576557E-004  -1.7545050509716947E-003
   3499.1250000000005        4.3082108857665509E-004  -1.7598938849194630E-003
   3503.1240000000003        4.3673285121096299E-004  -1.7647050602412763E-003
   3507.1230000000005        4.4198937527728630E-004  -1.7685447651142672E-003
   3511.1220000000008        4.4701151066682684E-004  -1.7719718993803243E-003
   3515.1210000000005        4.5139599299535868E-004  -1.7742342482933171E-003
   3519.1200000000008        4.5553185148516668E-004  -1.7761648874752803E-003
   3523.1190000000001        4.5907670992017608E-004  -1.7768788542041334E-003
   3527.1180000000004        4.6233512317318267E-004  -1.7772147249519802E-003
   3531.1170000000002        4.6511090800393069E-004  -1.7763545262943702E-003
   3535.1160000000004        4.6754432709183926E-004  -1.7750321155911607E-003
   3539.1150000000007        4.6958571967686938E-004  -1.7726883954540470E-003
   3543.1140000000005        4.7120003213209810E-004  -1.7696182270249782E-003
   3547.1130000000007        4.7258504909436212E-004  -1.7658242914324867E-003
   3551.1120000000001        4.7345090647176602E-004  -1.7610112873667014E-003
   3555.1110000000003        4.7421581996263148E-004  -1.7557742697762370E-003
   3559.1100000000006        4.7438551521777938E-004  -1.7493097774474193E-003
   3563.1090000000004        4.7458521056560274E-004  -1.7425507409312888E-003
   3567.1080000000006        4.7419235141936238E-004  -1.7345193638535616E-003
   3571.1070000000004        4.7386911118846775E-004  -1.7262476071403326E-003
   3575.1060000000007        4.7300191072158578E-004  -1.7168089843780123E-003
   3579.1050000000005        4.7215985084522613E-004  -1.7069260940568945E-003
   3583.1040000000003        4.7103478060619611E-004  -1.6962339872901198E-003
   3587.1030000000005        4.6966874384010297E-004  -1.6848260994482382E-003
   3591.1020000000003        4.6833992959487955E-004  -1.6729369053668918E-003
   3595.1010000000006        4.6656808409394063E-004  -1.6601421248755334E-003
   3599.1000000000008        4.6507132769022826E-004  -1.6470741226419115E-003
   3603.0990000000006        4.6304403743948599E-004  -1.6330665945965860E-003
   3607.0980000000004        4.6137627478575269E-004  -1.6189379821348643E-003
   3611.0970000000002        4.5919120924547854E-004  -1.6038421721618658E-003
   3615.0960000000005        4.5741329018343641E-004  -1.5886463277369936E-003
   3619.0950000000007        4.5527195153492522E-004  -1.5727092819717288E-003
   3623.0940000000005        4.5332301590924294E-004  -1.5565221068975913E-003
   3627.0930000000008        4.5135936024243698E-004  -1.5398768920381564E-003
   3631.0920000000006        4.4933278877652862E-004  -1.5228135706254768E-003
   3635.0910000000003        4.4761822630467080E-004  -1.5055863562420848E-003
   3639.0900000000001        4.4559769088549475E-004  -1.4878690766646722E-003
   3643.0890000000004        4.4412102116215798E-004  -1.4701658873188619E-003
   3647.0880000000006        4.4223611659927883E-004  -1.4519424727606946E-003
   3651.0870000000004        4.4102425479868479E-004  -1.4338686106256768E-003
   3655.0860000000007        4.3941568867579631E-004  -1.4153941932843225E-003
   3659.0850000000005        4.3836465325707154E-004  -1.3970592755506656E-003
   3663.0840000000003        4.3719533448746174E-004  -1.3784854066728296E-003
   3667.0830000000005        4.3634058172455661E-004  -1.3599877022682856E-003
   3671.0820000000003        4.3569228090654965E-004  -1.3415042969476866E-003
   3675.0810000000006        4.3504121408198255E-004  -1.3230372397421092E-003
   3679.0800000000004        4.3491684057879692E-004  -1.3047276167721525E-003
   3683.0790000000006        4.3459347527500896E-004  -1.2864262644671789E-003
   3687.0780000000009        4.3499356809718908E-004  -1.2684461736088162E-003
   3691.0770000000002        4.3505088326736889E-004  -1.2505280759312302E-003
   3695.0760000000005        4.3586332218509846E-004  -1.2329796552400423E-003
   3699.0750000000003        4.3646492710034312E-004  -1.2155646537008197E-003
   3703.0740000000005        4.3763343308214284E-004  -1.1985780497546549E-003
   3707.0730000000008        4.3882481306418416E-004  -1.1818632440980343E-003
   3711.0720000000006        4.4027778753548310E-004  -1.1655567263333822E-003
   3715.0710000000008        4.4208666138438027E-004  -1.1495935716683398E-003
   3719.0700000000002        4.4389325218205833E-004  -1.1340952231812193E-003
   3723.0690000000004        4.4626761233727916E-004  -1.1190283362372674E-003
   3727.0680000000002        4.4841319334727931E-004  -1.1044567097150491E-003
   3731.0670000000005        4.5128450071877475E-004  -1.0903378550781643E-003
   3735.0660000000007        4.5389565429530951E-004  -1.0767599404827492E-003
   3739.0650000000005        4.5713076533944626E-004  -1.0637379211984898E-003
   3743.0640000000008        4.6021240226246638E-004  -1.0512645769064684E-003
   3747.0630000000001        4.6369806771166713E-004  -1.0393722706965678E-003
   3751.0620000000004        4.6729490414673116E-004  -1.0280325151404454E-003
   3755.0610000000006        4.7099923081163689E-004  -1.0173978209922661E-003
   3759.0600000000004        4.7499552042324684E-004  -1.0072679858039492E-003
   3763.0590000000007        4.7886419748582220E-004  -9.9789962943362199E-004
   3767.0580000000004        4.8322859864333238E-004  -9.8897383731711102E-004
   3771.0570000000007        4.8730406347572677E-004  -9.8088907521077162E-004
   3775.0560000000005        4.9186113576744916E-004  -9.7327884066136707E-004
   3779.0550000000003        4.9613393039367579E-004  -9.6644166500319765E-004
   3783.0540000000005        5.0078120607331797E-004  -9.6011666291072383E-004
   3787.0530000000003        5.0529312970521356E-004  -9.5450868465330938E-004
   3791.0520000000006        5.0991065507970991E-004  -9.4955658756786529E-004
   3795.0510000000008        5.1453427461285338E-004  -9.4514069908568313E-004
   3799.0500000000006        5.1906999815138580E-004  -9.4149248147501051E-004
   3803.0490000000004        5.2378031363762949E-004  -9.3822206292996685E-004
   3807.0480000000002        5.2818135431696093E-004  -9.3587663033714997E-004
   3811.0470000000005        5.3279490899910467E-004  -9.3378695631733330E-004
   3815.0460000000007        5.3704842531858291E-004  -9.3256697091745181E-004
   3819.0450000000005        5.4149262993779764E-004  -9.3160368118477344E-004
   3823.0440000000008        5.4561135190118971E-004  -9.3142863154122750E-004
   3827.0430000000006        5.4972664819524797E-004  -9.3160788990169063E-004
   3831.0420000000008        5.5363227324342439E-004  -9.3230910141372592E-004
   3835.0410000000006        5.5740932643414212E-004  -9.3352556923744368E-004
   3839.0400000000009        5.6107178963844015E-004  -9.3500946716818835E-004
   3843.0390000000002        5.6441038196528384E-004  -9.3722383516335757E-004
   3847.0380000000000        5.6770022986319464E-004  -9.3941016466718885E-004
   3851.0370000000003        5.7062065183982082E-004  -9.4238556988905458E-004
   3855.0360000000001        5.7349043672839234E-004  -9.4524735766789950E-004
   3859.0350000000003        5.7596225211096325E-004  -9.4884504729410507E-004
   3863.0340000000006        5.7828237478169098E-004  -9.5233758335002880E-004
   3867.0330000000004        5.8031030324510514E-004  -9.5629739765366178E-004
   3871.0320000000006        5.8211915199309267E-004  -9.6032666554614668E-004
   3875.0310000000004        5.8368063588147990E-004  -9.6450676036509821E-004
   3879.0300000000007        5.8492557312778094E-004  -9.6900557381555366E-004
   3883.0290000000009        5.8599901617645831E-004  -9.7321836674502463E-004
   3887.0280000000007        5.8677688502948851E-004  -9.7795884948656759E-004
   3891.0270000000010        5.8737834526769220E-004  -9.8219321439977497E-004
   3895.0260000000007        5.8769706288704928E-004  -9.8698850023396824E-004
   3899.0250000000001        5.8782201662061894E-004  -9.9117715477461564E-004
   3903.0240000000003        5.8780384019942395E-004  -9.9575077779938338E-004
   3907.0230000000001        5.8757497112503845E-004  -9.9987003519158893E-004
   3911.0220000000004        5.8727116863389471E-004  -1.0040508129029692E-003
   3915.0210000000002        5.8680365654387883E-004  -1.0080466622237700E-003
   3919.0200000000004        5.8636961699490948E-004  -1.0116085141331308E-003
   3923.0190000000002        5.8592901010646591E-004  -1.0153398632084579E-003
   3927.0180000000005        5.8554856104041841E-004  -1.0182668691176193E-003
   3931.0170000000007        5.8537255608651670E-004  -1.0215398200846572E-003
   3935.0160000000005        5.8534596741871212E-004  -1.0238099460998787E-003
   3939.0150000000008        5.8582143989751863E-004  -1.0263971811414639E-003
   3943.0140000000006        5.8656790165299789E-004  -1.0280767414764414E-003
   3947.0130000000008        5.8810400338565774E-004  -1.0298010189074241E-003
   3951.0120000000011        5.9021716861600492E-004  -1.0309380402812964E-003
   3955.0110000000000        5.9340383474514491E-004  -1.0316523503292503E-003
   3959.0100000000002        5.9767881992880284E-004  -1.0322768535895072E-003
   3963.0090000000000        6.0328289585936294E-004  -1.0320040796034510E-003
   3967.0080000000003        6.1071763716083569E-004  -1.0320147597611508E-003
   3971.0070000000005        6.1987517797347513E-004  -1.0309094493888631E-003
   3975.0060000000003        6.3171380185294461E-004  -1.0302126161722464E-003
   3979.0050000000006        6.4589064394589204E-004  -1.0285728822914081E-003
   3983.0040000000004        6.6362176927227520E-004  -1.0270422758944051E-003
   3987.0030000000006        6.8483673286435414E-004  -1.0250641851656313E-003
   3991.0020000000009        7.1032977052744610E-004  -1.0229569336882352E-003
   3995.0010000000007        7.4065939502479365E-004  -1.0208238552567898E-003
   3999.0000000000009        7.7620068552196634E-004  -1.0183678204283995E-003
   4002.9990000000007        8.1787295652247752E-004  -1.0162980077582245E-003
   4006.9980000000010        8.6569829718799690E-004  -1.0138255496084014E-003
   4010.9970000000003        9.2056713492311951E-004  -1.0120886938240190E-003
   4014.9960000000001        9.8210353353026794E-004  -1.0099913568634180E-003
   4018.9950000000003        1.0508548503328895E-003  -1.0087091882160083E-003
   4022.9940000000001        1.1259592101530247E-003  -1.0072898861850038E-003
   4026.9930000000004        1.2074551953627029E-003  -1.0065725146373434E-003
   4030.9920000000002        1.2962944383122686E-003  -7.4827226525609359E-004
   4034.9910000000004        1.2206852262961082E-003  -5.0263446061125287E-004
   4038.9900000000007        1.2442742552147186E-003  -2.3679108585287128E-004
   4042.9890000000005        1.6892404606825798E-003   1.7778580401986029E-004
   4046.9880000000007        4.2034791521840852E-003   1.3204837986883961E-003
   4050.9870000000005        1.7099965842959121E-002   4.0275116887318163E-004
   4054.9860000000008        4.1246549519758499E-003   2.1458075359568582E-004
   4058.9850000000010        1.4887808691172709E-003   1.8570682530245414E-004
   4062.9840000000008        9.0662935351804312E-004   1.9284498316119201E-004
   4066.9830000000002        7.2858270585159990E-004   2.1035453353183828E-004
   4070.9820000000000        6.3105489820283322E-004   2.3146507829712267E-004
   4074.9810000000002        5.5139271712179884E-004   2.5575849511689114E-004
   4078.9800000000005        4.7858790048582408E-004   2.8178314070138210E-004
   4082.9790000000003        4.1029469926808740E-004   3.1009974477180270E-004
   4086.9780000000005        3.4636801187271511E-004   3.3960824237610468E-004
   4090.9770000000003        2.8643216021997274E-004   3.7066940352233681E-004
   4094.9760000000006        2.3035712255911931E-004   4.0244929839542841E-004
   4098.9750000000004        1.7787386259834510E-004   4.3503571524372504E-004
   4102.9740000000011        1.2872434334197313E-004   4.6784859887221282E-004
   4106.9730000000009        8.2690898233193387E-005   5.0078578688379555E-004
   4110.9720000000007        3.9513070411044162E-005   5.3343149474963016E-004
   4114.9710000000005       -9.9358497123766316E-007   5.6559655888717528E-004
   4118.9700000000012       -3.9035426760414565E-005   5.9698001184147224E-004
   4122.9690000000010       -7.4759206920519842E-005   6.2736944759013695E-004
   4126.9679999999998       -1.0829322039658240E-004   6.5654294281129993E-004
   4130.9670000000006       -1.3974676669055637E-004   6.8429785874931184E-004
   4134.9660000000003       -1.6919550053514623E-004   7.1045283217032102E-004
   4138.9650000000001       -1.9672470699239641E-004   7.3481547227366277E-004
   4142.9640000000009       -2.2238747987332245E-004   7.5724285373489982E-004
   4146.9630000000006       -2.4625302711096944E-004   7.7754210767970889E-004
   4150.9620000000004       -2.6837494495363334E-004   7.9561489079376052E-004
   4154.9610000000002       -2.8878735818695962E-004   8.1130185324592026E-004
   4158.9600000000009       -3.0753201239147354E-004   8.2453446200407869E-004
   4162.9590000000007       -3.2462312096055067E-004   8.3521225941400189E-004
   4166.9580000000005       -3.4008874486181844E-004   8.4328100893761647E-004
   4170.9570000000012       -3.5393385503856449E-004   8.4867285286253273E-004
   4174.9560000000010       -3.6619648502389984E-004   8.5134842536422912E-004
   4178.9550000000008       -3.7688911564592262E-004   8.5126810473464768E-004
   4182.9540000000006       -3.8605683134495530E-004   8.4839796995030299E-004
   4186.9530000000004       -3.9373064946182353E-004   8.4274026921965658E-004
   4190.9520000000002       -3.9994832459222263E-004   8.3429206328012695E-004
   4194.9510000000000       -4.0474521787869455E-004   8.2309814578998520E-004
   4198.9500000000007       -4.0814679376955369E-004   8.0917725273037245E-004
   4202.9490000000005       -4.1019731540488857E-004   7.9260914553988039E-004
   4206.9480000000003       -4.1092934174113125E-004   7.7343213499543877E-004
   4210.9470000000010       -4.1040343012916882E-004   7.5172745585668584E-004
   4214.9460000000008       -4.0867695456446205E-004   7.2754184941621852E-004
   4218.9450000000006       -4.0583027015430857E-004   7.0098389980658218E-004
   4222.9440000000004       -4.0194317024274556E-004   6.7213588614021354E-004
   4226.9430000000011       -3.9709020155989839E-004   6.4110100885652525E-004
   4230.9420000000009       -3.9137152322785541E-004   6.0802142847281282E-004
   4234.9410000000007       -3.8485483544400256E-004   5.7299828139742806E-004
   4238.9400000000005       -3.7766211293528462E-004   5.3619675811420126E-004
   4242.9390000000003       -3.6988073441952861E-004   4.9770369969344549E-004
   4246.9380000000001       -3.6166464863400288E-004   4.5767712920073152E-004
   4250.9370000000008       -3.5314155624111676E-004   4.1621635214999435E-004
   4254.9360000000006       -3.4449278235749233E-004   3.7345959165949302E-004
   4258.9350000000004       -3.3587615667943774E-004   3.2954111272522990E-004
   4262.9340000000002       -3.2748970097739362E-004   2.8457549542016216E-004
   4266.9330000000009       -3.1953215166944483E-004   2.3874489160993149E-004
   4270.9320000000007       -3.1221228503461204E-004   1.9210030093915912E-004
   4274.9310000000005       -3.0581154852593758E-004   1.4485770166988243E-004
   4278.9300000000012       -3.0054413012250915E-004   9.7003407040222917E-005
   4282.9290000000010       -2.9684601749365060E-004   4.8777238963496584E-005
   4286.9280000000008       -2.9489435074027794E-004   8.1294682130288436E-008
   4290.9270000000006       -2.9534367684658621E-004  -4.8840204634302193E-005
   4294.9260000000004       -2.9829986681330681E-004  -9.8105679371404832E-005
   4298.9250000000002       -3.0466323149359604E-004  -1.4754970305049206E-004
   4302.9240000000000       -3.1450193212834355E-004  -1.9718964586892449E-004
   4306.9230000000007       -3.2897518954323935E-004  -2.4710729675102544E-004
   4310.9220000000005       -3.4821855814128820E-004  -2.9715476306160560E-004
   4314.9210000000003       -3.7361545216584263E-004  -3.4774081294359669E-004
   4318.9200000000010       -4.0553413450548296E-004  -3.9856144671124923E-004
   4322.9190000000008       -4.4551832973332197E-004  -4.5025122537876148E-004
   4326.9180000000006       -4.9432885100365008E-004  -5.0255930103233000E-004
   4330.9170000000004       -5.5363410867346964E-004  -5.5607796994100196E-004
   4334.9160000000011       -6.2475623674077463E-004  -9.4343355699410690E-004
   4338.9150000000009       -5.6915420469644577E-004  -1.3093803437628593E-003
   4342.9140000000007       -5.1687665327183310E-004  -1.6485843786430972E-003
   4346.9130000000014       -4.6933892745865336E-004  -1.9543835892743130E-003
   4350.9120000000003       -4.2772113890707746E-004  -2.2237278297222891E-003
   4354.9110000000001       -3.9298766841042827E-004  -2.4530491653927794E-003
   4358.9100000000008       -3.6573676291349493E-004  -2.6405310114821882E-003
   4362.9090000000006       -3.4634474200573838E-004  -2.7867568744718123E-003
   4366.9080000000004       -3.3483824868032471E-004  -2.8913904806632355E-003
   4370.9070000000002       -3.3095160281109716E-004  -2.9580586371333404E-003
   4374.9060000000009       -3.3419478330530929E-004  -2.9892424530575559E-003
   4378.9050000000007       -3.4374337659639044E-004  -2.9895811568097209E-003
   4382.9040000000005       -3.5867981043465530E-004  -2.9648555844774480E-003
   4386.9030000000012       -3.7778825639925290E-004  -2.9199454208707052E-003
   4390.9020000000010       -3.9984527934408217E-004  -2.8623928832330089E-003
   4394.9010000000007       -4.2345658258880403E-004  -2.7979309823616951E-003
   4398.9000000000005       -4.4723344124604107E-004  -2.7334895557694491E-003
   4402.8990000000013       -4.6982722814311434E-004  -2.6759837408460658E-003
   4406.8980000000001       -4.8986088055687487E-004  -2.6304685178625028E-003
   4410.8969999999999       -5.0617481219214608E-004  -2.6038718431413985E-003
   4414.8960000000006       -5.1763513293243189E-004  -2.5997570056806394E-003
   4418.8950000000004       -5.2334727248602568E-004  -2.6229102750562660E-003
   4422.8940000000002       -5.2262798155837625E-004  -2.6762512308654528E-003
   4426.8930000000009       -5.1486947891261231E-004  -2.7613334187598427E-003
   4430.8920000000007       -4.9993890115033980E-004  -2.8799276369308813E-003
   4434.8910000000005       -4.7762331558160939E-004  -3.0310947861519086E-003
   4438.8900000000003       -4.4821586061115874E-004  -3.2141649221262103E-003
   4442.8890000000010       -4.1206367260519864E-004  -3.4270006071928497E-003
   4446.8880000000008       -3.6969155061276145E-004  -3.6658771582142725E-003
   4450.8870000000006       -3.2203202567097433E-004  -3.9278936787452388E-003
   4454.8860000000013       -2.6979022399443997E-004  -4.2072771615408351E-003
   4458.8850000000011       -2.1421447433938988E-004  -4.4997881689837899E-003
   4462.8840000000000       -1.5633533360631053E-004  -4.7992232798587768E-003
   4466.8830000000007       -9.7325392447278485E-005  -5.0999337523507417E-003
   4470.8820000000005       -3.8555695342499379E-005  -5.3961206683886768E-003
   4474.8810000000003        1.9020896677136077E-005  -5.6817167854608793E-003
   4478.8800000000001        7.4013970219710749E-005  -5.9513885115447035E-003
   4482.8790000000008        1.2552448588551795E-004  -6.1999526077703973E-003
   4486.8780000000006        1.7263008279964513E-004  -6.4227608546612363E-003
   4490.8770000000004        2.1435835929134242E-004  -6.6162091644413794E-003
   4494.8760000000011        2.5041342952774990E-004  -6.7768723749237507E-003
   4498.8750000000009        2.7999247516666910E-004  -6.9029283387757445E-003
   4502.8740000000007        3.0318752497057689E-004  -6.9927762681947763E-003
   4506.8730000000005        3.1980525930289572E-004  -7.0465189980671158E-003
   4510.8720000000012        3.3003318613366027E-004  -7.0643765241068550E-003
   4514.8710000000010        3.3442068795708929E-004  -7.0485263591061722E-003
   4518.8699999999999        3.3333404807897241E-004  -7.0010121888644007E-003
   4522.8690000000006        3.2775041737039868E-004  -6.9255415998907850E-003
   4526.8680000000004        3.1849540949502813E-004  -6.8260821940818043E-003
   4530.8670000000002        3.0653541552366266E-004  -6.7069783473459243E-003
   4534.8660000000009        2.9325672320964401E-004  -6.5739169582285937E-003
   4538.8650000000007        2.7948742556038996E-004  -6.4313289782664818E-003
   4542.8640000000005        2.6679706107396835E-004  -6.2853466851824054E-003
   4546.8630000000003        2.5605388750785758E-004  -6.1407916210189321E-003
   4550.8620000000010        2.4855128784572600E-004  -6.0025047328728532E-003
   4554.8610000000008        2.4519818571493965E-004  -5.8755547173760577E-003
   4558.8600000000006        2.4682957801873683E-004  -5.7628231274599647E-003
   4562.8590000000013        2.5413592434560484E-004  -5.6682178985021058E-003
   4566.8580000000011        2.6753971681951126E-004  -5.5933766890845782E-003
   4570.8570000000009        2.8721934273421537E-004  -5.5390752955687987E-003
   4574.8559999999998        3.1316290617098582E-004  -5.5062116671501697E-003
   4578.8550000000005        3.4497756310116693E-004  -5.4920857296115698E-003
   4582.8540000000003        3.8212293678874275E-004  -5.4959691228644199E-003
   4586.8530000000001        4.2370030780828732E-004  -5.5130496831627832E-003
   4590.8520000000008        4.6867515954267084E-004  -5.5397420109147017E-003
   4594.8510000000006        5.1564166959528368E-004  -5.5704576885886193E-003
   4598.8500000000004        5.6329867546577115E-004  -5.5990376970691553E-003
   4602.8490000000011        6.0982679530352947E-004  -5.6192415003718460E-003
   4606.8480000000009        6.5375023693178857E-004  -5.6240120327602904E-003
   4610.8470000000007        6.9323722590857600E-004  -5.6063470784070892E-003
   4614.8460000000005        7.2659918352680896E-004  -5.5598465146320768E-003
   4618.8450000000012        7.5242857169772581E-004  -5.4776124191297619E-003
   4622.8440000000010        7.6899581078095037E-004  -5.3545784980581716E-003
   4626.8430000000008        7.7545024498975701E-004  -5.1854519386919633E-003
   4630.8420000000006        7.7051113355245900E-004  -4.9670871012882185E-003
   4634.8410000000003        7.5375496994364302E-004  -4.6966086387994072E-003
   4638.8400000000001        7.2481612325867614E-004  -4.3737766823945872E-003
   4642.8390000000009        6.8369597625928869E-004  -3.9984005721653924E-003
   4646.8380000000006        6.3098844638322549E-004  -3.5735332910228844E-003
   4650.8370000000004        5.6742067293200202E-004  -3.1023115642635117E-003
   4654.8360000000002        4.9420736838224667E-004  -2.5901145842388536E-003
   4658.8350000000009        4.1300932991354265E-004  -2.0440739418271805E-003
   4662.8340000000007        3.2547671019622496E-004  -1.4709735179741876E-003
   4666.8330000000005        2.3396176591793005E-004  -8.8099685480443274E-004
   4670.8320000000012        1.4051102680086262E-004  -2.8233655220878798E-004
   4674.8310000000010        4.7761553255941073E-005   3.1403677268227533E-004
   4678.8300000000008       -4.2025991661286600E-005   8.9840582466299025E-004
   4682.8290000000006       -1.2622177205433722E-004   1.4610112390532858E-003
   4686.8280000000004       -2.0275877943524870E-004   1.9921168592037272E-003
   4690.8270000000002       -2.6931570318044704E-004   2.4835803708527868E-003
   4694.8260000000000       -3.2426307323405189E-004   2.9280989443538743E-003
   4698.8250000000007       -3.6606739817165171E-004   3.3194001321724927E-003
   4702.8240000000005       -3.9359917895755180E-004   3.6539468787648030E-003
   4706.8230000000003       -4.0648170743857299E-004   3.9285038832170705E-003
   4710.8220000000010       -4.0427130323006003E-004   4.1433059014337522E-003
   4714.8210000000008       -3.8767592755049169E-004   4.2990391642261623E-003
   4718.8200000000006       -3.5730778327161663E-004   4.3997556705829451E-003
   4722.8190000000004       -3.1462834249016065E-004   4.4496811143261792E-003
   4726.8180000000011       -2.6142892872932984E-004   4.4566390911522768E-003
   4730.8170000000009       -1.9980039089023097E-004   4.4277576587142663E-003
   4734.8160000000007       -1.3229946441995982E-004   4.3731768442577586E-003
   4738.8150000000014       -6.1642231183135126E-005   4.3026270337161599E-003
   4742.8140000000003        9.3994009747191256E-006   4.2263571202246809E-003
   4746.8130000000001        7.7737090063578006E-005   4.1559306356721299E-003
   4750.8120000000008        1.4069884590067280E-004   4.1001410257833467E-003
   4754.8110000000006        1.9539174957990051E-004   4.0700265696136150E-003
   4758.8100000000004        2.3952990732032577E-004   4.0726170951250369E-003
   4762.8090000000002        2.7080503857797420E-004   4.1157817145728651E-003
   4766.8080000000009        2.8773963609325963E-004   4.2042497074083335E-003
   4770.8070000000007        2.8883599185814134E-004   4.3415377640207134E-003
   4774.8060000000005        2.7369688002468223E-004   4.5285866026783970E-003
   4778.8050000000012        2.4195734599809609E-004   4.7647400234415533E-003
   4782.8040000000010        1.9416865503242000E-004   5.0463538321376183E-003
   4786.8030000000008        1.3142065425533441E-004   5.3684233114912518E-003
   4790.8020000000006        5.5012711899577863E-005   5.7235174946714514E-003
   4794.8010000000013       -3.2629032224673636E-005   6.1024655384200252E-003
   4798.8000000000002       -1.2944918226569084E-004   6.4948630215072543E-003
   4802.7990000000000       -2.3225130051273654E-004   6.8891409832411406E-003
   4806.7980000000007       -3.3826452358679378E-004   7.2724967905179712E-003
   4810.7970000000005       -4.4405560977190620E-004   7.6330593966952819E-003
   4814.7960000000003       -5.4654167558677099E-004   7.9573919743659779E-003
   4818.7950000000010       -6.4237045648597225E-004   8.2342461340925363E-003
   4822.7940000000008       -7.2870011834963065E-004   8.4524510945003569E-003
   4826.7930000000006       -8.0267673852133263E-004   8.6019964352780157E-003
   4830.7920000000004       -8.6197359604410051E-004   8.6758513812868268E-003
   4834.7910000000011       -9.0475279117969531E-004   8.6668944586381445E-003
   4838.7900000000009       -9.2945707376001661E-004   8.5727210599708375E-003
   4842.7890000000007       -9.3544229963883380E-004   8.3907033023394809E-003
   4846.7880000000014       -9.2231911301787122E-004   8.1230558086824393E-003
   4850.7870000000012       -8.9045998004389805E-004   7.7719632698112348E-003
   4854.7860000000001       -8.4083504992023468E-004   7.3443350455940923E-003
   4858.7849999999999       -7.7480141729147946E-004   6.8466698430259768E-003
   4862.7840000000006       -6.9434414015908730E-004   6.2895216149550775E-003
   4866.7830000000004       -6.0183837190084816E-004   5.6833871993470248E-003
   4870.7820000000002       -4.9981889088689634E-004   5.0402022135476081E-003
   4874.7810000000009       -3.9133645381871795E-004   4.3736813342013679E-003
   4878.7800000000007       -2.7923279496951494E-004   3.6955415207191211E-003
   4882.7790000000005       -1.6666139714363519E-004   3.0202297717988823E-003
   4886.7780000000012       -5.6406318705715696E-005   2.3586874733831169E-003
   4890.7770000000010        4.8630950777951954E-005   1.7234103905723139E-003
   4894.7760000000007        1.4625216209372053E-004   1.1234868907103006E-003
   4898.7750000000005        2.3407594429590073E-004   5.6828420675911662E-004
   4902.7740000000013        3.1076288867032739E-004   6.3288911619947683E-005
   4906.7730000000010        3.7494668425582396E-004  -3.8601861476214474E-004
   4910.7719999999999        4.2603894495811979E-004  -7.7792603047030528E-004
   4914.7710000000006        4.6403113452802864E-004  -1.1120638337274015E-003
   4918.7700000000004        4.8905443353386121E-004  -1.3896325172099286E-003
   4922.7690000000002        5.0228014463226723E-004  -1.6151830547642093E-003
   4926.7680000000009        5.0465667280280536E-004  -1.7929338040990510E-003
   4930.7670000000007        4.9815265296022048E-004  -1.9302228398051569E-003
   4934.7660000000005        4.8432703341303189E-004  -2.0340955015245503E-003
   4938.7650000000003        4.6566470504085406E-004  -2.1130864568020850E-003
   4942.7640000000010        4.4393318640957298E-004  -2.1750894319500194E-003
   4946.7630000000008        4.2169464911900065E-004  -2.2290541136989134E-003
   4950.7620000000006        4.0074727521781676E-004  -2.2818084167648216E-003
   4954.7610000000013        3.8302591795057238E-004  -2.3406974675687512E-003
   4958.7600000000011        3.7021744966682271E-004  -2.4109463838995222E-003
   4962.7590000000009        3.6324856922652398E-004  -2.4963725444045832E-003
   4966.7579999999998        3.6326788841158482E-004  -2.5995727647784368E-003
   4970.7570000000005        3.7020193575164464E-004  -2.7206397324623186E-003
   4974.7560000000003        3.8427334372815897E-004  -2.8581750678972565E-003
   4978.7550000000001        4.0445189994497781E-004  -3.0090077128287185E-003
   4982.7540000000008        4.3005611703793843E-004  -3.1680020467766950E-003
   4986.7530000000006        4.5913225862179033E-004  -3.3284765420628091E-003
   4990.7520000000004        4.9021450646114276E-004  -3.4832054958624202E-003
   4994.7510000000011        5.2089305427662728E-004  -3.6228298093440034E-003
   4998.7500000000009        5.4892140629543909E-004  -3.7388882451302057E-003
   5002.7490000000007        5.7203251334226896E-004  -3.8217351041782087E-003
   5006.7480000000005        5.8755956445315997E-004  -3.8626124834229164E-003
   5010.7470000000012        5.9362215169641555E-004  -3.8533059938332770E-003
   5014.7460000000010        5.8783596687442252E-004  -3.7870242124611528E-003
   5018.7450000000008        5.6892316926272204E-004  -3.6580154528973569E-003
   5022.7440000000006        5.3526798914927830E-004  -3.4632410907531005E-003
   5026.7430000000004        4.8659829150882102E-004  -3.2011083036731286E-003
   5030.7420000000002        4.2183965093671823E-004  -2.8522758337714456E-003
   5034.7410000000009        3.3349419684957108E-004  -2.3438925379171559E-003
   5038.7400000000007        2.1946098857677566E-004  -1.6844875393561760E-003
   5042.7390000000005        1.1839246156186825E-004  -1.0531839979132042E-003
   5046.7380000000003        7.0194499573481635E-005  -5.1963358339386818E-004
   5050.7370000000010        4.5109186722138881E-005  -3.7881069364754174E-005
   5054.7360000000008        2.9959428839218033E-006   6.4084628930482441E-006
   5058.7350000000006       -2.3724498138370734E-007   2.6185123882918382E-007
   5062.7340000000013       -7.4115264305211829E-009   1.8778556020012218E-009
