   3379.1550000000007       -2.3758123628904925E-004  -2.8948893075328923E-003
   3383.1540000000005       -1.7475897649068140E-004  -2.8251352509541527E-003
   3387.1530000000002       -1.1184624943170129E-004  -2.7552150984069988E-003
   3391.1520000000005       -4.8122332135085329E-005  -2.6856531625528337E-003
   3395.1510000000003        1.5528454212159750E-005  -2.6159893957379970E-003
   3399.1500000000005        7.9684212038182373E-005  -2.5469176652850841E-003
   3403.1490000000008        1.4382033754458475E-004  -2.4778404598282556E-003
   3407.1480000000006        2.0806965385971460E-004  -2.4095128314056027E-003
   3411.1470000000004        2.7234896840554472E-004  -2.3413852546096746E-003
   3415.1460000000002        3.3639619863880406E-004  -2.2740309043185868E-003
   3419.1450000000004        4.0045587338231946E-004  -2.2072627608791650E-003
   3423.1440000000007        4.6397470488515656E-004  -2.1410698567977666E-003
   3427.1430000000005        5.2752266238908769E-004  -2.0759153292508343E-003
   3431.1420000000007        5.9025747150341602E-004  -2.0112501580711378E-003
   3435.1410000000005        6.5287778089831178E-004  -1.9478561446637491E-003
   3439.1400000000003        7.1463774523722670E-004  -1.8850756037742731E-003
   3443.1390000000001        7.7592609105022825E-004  -1.8236003649863470E-003
   3447.1380000000004        8.3651258291127109E-004  -1.7629556244128520E-003
   3451.1370000000006        8.9618672758266435E-004  -1.7036175929237181E-003
   3455.1360000000004        9.5524885111713479E-004  -1.6454110498429527E-003
   3459.1350000000007        1.0130670371469341E-003  -1.5883529502042824E-003
   3463.1340000000005        1.0703126784177151E-003  -1.5327719069429065E-003
   3467.1330000000003        1.1260808103741434E-003  -1.4782815800542734E-003
   3471.1320000000005        1.1811205202164074E-003  -1.4254388952129491E-003
   3475.1310000000003        1.2347240549469168E-003  -1.3737501769222837E-003
   3479.1300000000006        1.2872132300183275E-003  -1.3237972091931849E-003
   3483.1290000000004        1.3384546613298984E-003  -1.2750794991346136E-003
   3487.1280000000006        1.3882091074529468E-003  -1.2281161744210772E-003
   3491.1270000000009        1.4368185113249380E-003  -1.1825793049906959E-003
   3495.1260000000002        1.4836784012966461E-003  -1.1387000596760973E-003
   3499.1250000000005        1.5293964360856200E-003  -1.0964933594614992E-003
   3503.1240000000003        1.5732681926309603E-003  -1.0557854078162377E-003
   3507.1230000000005        1.6158411211035758E-003  -1.0170201587994180E-003
   3511.1220000000008        1.6565938152071627E-003  -9.7962386562808115E-004
   3515.1210000000005        1.6958235070229678E-003  -9.4432937097449498E-004
   3519.1200000000008        1.7333266820900200E-003  -9.1041108936486248E-004
   3523.1190000000001        1.7690585474066578E-003  -8.7856795578092079E-004
   3527.1180000000004        1.8031692865018631E-003  -8.4830313346620652E-004
   3531.1170000000002        1.8352851601870879E-003  -8.1988950302091222E-004
   3535.1160000000004        1.8658734268650163E-003  -7.9335659672450135E-004
   3539.1150000000007        1.8943197214369592E-003  -7.6841208258643010E-004
   3543.1140000000005        1.9212323281822573E-003  -7.4559479759147694E-004
   3547.1130000000007        1.9460045910848268E-003  -7.2421848701648508E-004
   3551.1120000000001        1.9690946732533699E-003  -7.0503756564275826E-004
   3555.1110000000003        1.9902036038871229E-003  -6.8731000707855693E-004
   3559.1100000000006        2.0093915776059749E-003  -6.7170468814706057E-004
   3563.1090000000004        2.0267837023376653E-003  -6.5769940911405349E-004
   3567.1080000000006        2.0420769017998369E-003  -6.4556996144516949E-004
   3571.1070000000004        2.0556966450236743E-003  -6.3534170475046500E-004
   3575.1060000000007        2.0670921715680631E-003  -6.2664569519725296E-004
   3579.1050000000005        2.0769077304964752E-003  -6.2011261221651482E-004
   3583.1040000000003        2.0844695637269846E-003  -6.1492061879245643E-004
   3587.1030000000005        2.0904040159131997E-003  -6.1189527483463779E-004
   3591.1020000000003        2.0942719135749787E-003  -6.1027049444222262E-004
   3595.1010000000006        2.0962838991875547E-003  -6.1060417934639434E-004
   3599.1000000000008        2.0965373563066789E-003  -6.1252130863270076E-004
   3603.0990000000006        2.0947074916747759E-003  -6.1610657589262455E-004
   3607.0980000000004        2.0913669138541580E-003  -6.2150687637003467E-004
   3611.0970000000002        2.0858295458059421E-003  -6.2825713810262473E-004
   3615.0960000000005        2.0789132576481883E-003  -6.3698275080440033E-004
   3619.0950000000007        2.0698585233491769E-003  -6.4692161738876160E-004
   3623.0940000000005        2.0593399363910249E-003  -6.5876523520611669E-004
   3627.0930000000008        2.0469695624013929E-003  -6.7186964092795878E-004
   3631.0920000000006        2.0329056610523233E-003  -6.8666511075435245E-004
   3635.0910000000003        2.0173582231205263E-003  -7.0288415894211530E-004
   3639.0900000000001        1.9998858807731327E-003  -7.2048468446848967E-004
   3643.0890000000004        1.9812372037349610E-003  -7.3966733695136010E-004
   3647.0880000000006        1.9606092269590777E-003  -7.5998186478091470E-004
   3651.0870000000004        1.9388984910308170E-003  -7.8193525997809915E-004
   3655.0860000000007        1.9153861968920799E-003  -8.0489835197421569E-004
   3659.0850000000005        1.8906715204255518E-003  -8.2940333483241563E-004
   3663.0840000000003        1.8645336942213664E-003  -8.5492194727847877E-004
   3667.0830000000005        1.8369591909293622E-003  -8.8177113089763295E-004
   3671.0820000000003        1.8083635035481319E-003  -9.0972930273260457E-004
   3675.0810000000006        1.7781658655994757E-003  -9.3876667581598602E-004
   3679.0800000000004        1.7472053409585732E-003  -9.6900358106121105E-004
   3683.0790000000006        1.7146844722526395E-003  -1.0000962799770934E-003
   3687.0780000000009        1.6814326847999508E-003  -1.0324136091376308E-003
   3691.0770000000002        1.6468995747578135E-003  -1.0654407848486075E-003
   3695.0760000000005        1.6114818470850411E-003  -1.0996204684592566E-003
   3699.0750000000003        1.5751877168518446E-003  -1.1344574497932961E-003
   3703.0740000000005        1.5378211924544892E-003  -1.1702723263883829E-003
   3707.0730000000008        1.4999455321845680E-003  -1.2067684272707878E-003
   3711.0720000000006        1.4609400233144233E-003  -1.2440096685485576E-003
   3715.0710000000008        1.4216091531999969E-003  -1.2819969826879337E-003
   3719.0700000000002        1.3812921118357732E-003  -1.3204754488277441E-003
   3723.0690000000004        1.3406296856251529E-003  -1.3597512341327555E-003
   3727.0680000000002        1.2993057209694896E-003  -1.3993171725474735E-003
   3731.0670000000005        1.2574969202661544E-003  -1.4396499653053559E-003
   3735.0660000000007        1.2153891497741253E-003  -1.4801707257467065E-003
   3739.0650000000005        1.1726871906457431E-003  -1.5213120538718281E-003
   3743.0640000000008        1.1299636669841837E-003  -1.5626604350206404E-003
   3747.0630000000001        1.0866777431436728E-003  -1.6043572375019220E-003
   3751.0620000000004        1.0434831529725615E-003  -1.6463682702967776E-003
   3755.0610000000006        9.9992669531817038E-004  -1.6884104152624889E-003
   3759.0600000000004        9.5643388582590907E-004  -1.7308664122864452E-003
   3763.0590000000007        9.1287793160245781E-004  -1.7730943422654163E-003
   3767.0580000000004        8.6931477929092784E-004  -1.8157237396096114E-003
   3771.0570000000007        8.2598234452657248E-004  -1.8580204495362428E-003
   3775.0560000000005        7.8261774854958548E-004  -1.9005211783921830E-003
   3779.0550000000003        7.3967900299699114E-004  -1.9427833635538721E-003
   3783.0540000000005        6.9678532392554687E-004  -1.9849024503611500E-003
   3787.0530000000003        6.5440330761686396E-004  -2.0269663211209764E-003
   3791.0520000000006        6.1224744415794318E-004  -2.0685054256031768E-003
   3795.0510000000008        5.7060953512419932E-004  -2.1101427474332474E-003
   3799.0500000000006        5.2941010358846985E-004  -2.1510091332475247E-003
   3803.0490000000004        4.8871813359197100E-004  -2.1919032249555011E-003
   3807.0480000000002        4.4869036901487960E-004  -2.2320091389901897E-003
   3811.0470000000005        4.0919044708924305E-004  -2.2718490915723871E-003
   3815.0460000000007        3.7051515331974674E-004  -2.3111099245327581E-003
   3819.0450000000005        3.3243156870718627E-004  -2.3496517092469107E-003
   3823.0440000000008        2.9530502655458844E-004  -2.3878693795875874E-003
   3827.0430000000006        2.5888084923254265E-004  -2.4249826683155583E-003
   3831.0420000000008        2.2346535436432039E-004  -2.4618941785484118E-003
   3835.0410000000006        1.8889998331017392E-004  -2.4975570627136946E-003
   3839.0400000000009        1.5537580339646797E-004  -2.5328404293391582E-003
   3843.0390000000002        1.2289564804378436E-004  -2.5670344023750349E-003
   3847.0380000000000        9.1431381198574225E-005  -2.6004435357697355E-003
   3851.0370000000003        6.1202684969620684E-005  -2.6331087820996809E-003
   3855.0360000000001        3.1981122924038831E-005  -2.6644994783628574E-003
   3859.0350000000003        4.1877381850320412E-006  -2.6954202850664865E-003
   3863.0340000000006       -2.2553863091346194E-005  -2.7247967307419273E-003
   3867.0330000000004       -4.7782127967634222E-005  -2.7537250630368603E-003
   3871.0320000000006       -7.1819707706808722E-005  -2.7811634350136229E-003
   3875.0310000000004       -9.4337913099397039E-005  -2.8078238442749790E-003
   3879.0300000000007       -1.1539835523169034E-004  -2.8333719225648148E-003
   3883.0290000000009       -1.3504858682577496E-004  -2.8576796536006399E-003
   3887.0280000000007       -1.5295725401407673E-004  -2.8813179713130330E-003
   3891.0270000000010       -1.6952524576473001E-004  -2.9033287295430871E-003
   3895.0260000000007       -1.8409297998378408E-004  -2.9249026551592008E-003
   3899.0250000000001       -1.9727662981009654E-004  -2.9448627596772329E-003
   3903.0240000000003       -2.0840458132501510E-004  -2.9642854876292994E-003
   3907.0230000000001       -2.1788772710191947E-004  -2.9824723320504296E-003
   3911.0220000000004       -2.2538690613966642E-004  -2.9997221535200788E-003
   3915.0210000000002       -2.3080161511245770E-004  -3.0163581579164345E-003
   3919.0200000000004       -2.3439977846239762E-004  -3.0317239352448543E-003
   3923.0190000000002       -2.3546456424018006E-004  -3.0469797097146399E-003
   3927.0180000000005       -2.3471370034124767E-004  -3.0609447657346722E-003
   3931.0170000000007       -2.3110900011115724E-004  -3.0749962289185096E-003
   3935.0160000000005       -2.2540380072260256E-004  -3.0882793405396960E-003
   3939.0150000000008       -2.1679664731628844E-004  -3.1015376373187760E-003
   3943.0140000000006       -2.0544537432296353E-004  -3.1149010771302403E-003
   3947.0130000000008       -1.9124602063517966E-004  -3.1281289506526404E-003
   3951.0120000000011       -1.7347544905278796E-004  -3.1424220595758570E-003
   3955.0110000000000       -1.5280131010699004E-004  -3.1568665777876011E-003
   3959.0100000000002       -1.2779032060844330E-004  -3.1730943424728279E-003
   3963.0090000000000       -9.9323084916275859E-005  -3.1904185851630885E-003
   3967.0080000000003       -6.6014272370702308E-005  -3.2100355268737733E-003
   3971.0070000000005       -2.8107702748054282E-005  -3.2322751826590348E-003
   3975.0060000000003        1.4981451086927425E-005  -3.2574574851360729E-003
   3979.0050000000006        6.4251915365853569E-005  -3.2869871725684074E-003
   3983.0040000000004        1.1932429059349851E-004  -3.3208384265049147E-003
   3987.0030000000006        1.8198033220881557E-004  -3.3607981795364377E-003
   3991.0020000000009        2.5174793124881610E-004  -3.4070921080231568E-003
   3995.0010000000007        3.3025635347024582E-004  -3.4616203980872987E-003
   3999.0000000000009        4.1748479135003116E-004  -3.5251194395554773E-003
   4002.9990000000007        5.1436368382538119E-004  -3.5993088457136847E-003
   4006.9980000000010        6.2138105478547244E-004  -3.6857361934151799E-003
   4010.9970000000003        7.3844724821113257E-004  -3.7855620429453319E-003
   4014.9960000000001        8.6648628917616335E-004  -3.9010694400424691E-003
   4018.9950000000003        1.0048487753424105E-003  -4.0329050421150118E-003
   4022.9940000000001        1.1565188810104602E-003  -4.1832100033606275E-003
   4026.9930000000004        1.3296435013794253E-003  -4.3518186890457297E-003
   4030.9920000000002        1.5629366900065298E-003  -1.2530715999795107E-003
   4034.9910000000004        1.6020216075108833E-003   1.7991294655983871E-003
   4038.9900000000007        2.3054576210626626E-003   4.8392404696547993E-003
   4042.9890000000005        5.6165692582699749E-003   7.9027657220605684E-003
   4046.9880000000007        1.9547820198142187E-002   1.1439784455623898E-002
   4050.9870000000005        7.7263850140810580E-002   1.0985993427702257E-002
   4054.9860000000008        1.9414734932224613E-002   1.0813336009369397E-002
   4058.9850000000010        5.1988242967122948E-003   1.0557510729227173E-002
   4062.9840000000008        1.6164804163673792E-003   1.0265522922320136E-002
   4066.9830000000002        6.5280198514260459E-004   9.9814793498032468E-003
   4070.9820000000000        3.4447571123369586E-004   9.7232580772217223E-003
   4074.9810000000002        2.0532285189441842E-004   9.4955487340213727E-003
   4078.9800000000005        1.1265700075593472E-004   9.2977018492935489E-003
   4082.9790000000003        3.5106546883013036E-005   9.1274626925639101E-003
   4086.9780000000005       -3.5755968532058894E-005   8.9816974353668158E-003
   4090.9770000000003       -1.0241425307375111E-004   8.8576773281334783E-003
   4094.9760000000006       -1.6557803195255125E-004   8.7522831753983534E-003
   4098.9750000000004       -2.2579705749413355E-004   8.6632074312447335E-003
   4102.9740000000011       -2.8316570158189088E-004   8.5878274606889654E-003
   4106.9730000000009       -3.3801813746681553E-004   8.5242506230912354E-003
   4110.9720000000007       -3.9041304225606734E-004   8.4704662459339376E-003
   4114.9710000000005       -4.4056785616764231E-004   8.4248762078018916E-003
   4118.9700000000012       -4.8854239355253985E-004   8.3859569977603101E-003
   4122.9690000000010       -5.3448378398889506E-004   8.3524087929204675E-003
   4126.9679999999998       -5.7844648785199430E-004   8.3230721871298194E-003
   4130.9670000000006       -6.2051563719252474E-004   8.2969115498268756E-003
   4134.9660000000003       -6.6074243290716321E-004   8.2730488224939842E-003
   4138.9650000000001       -6.9915230794039972E-004   8.2506870816656461E-003
   4142.9640000000009       -7.3578722587434408E-004   8.2291654401543558E-003
   4146.9630000000006       -7.7064985141234177E-004   8.2078646262223522E-003
   4150.9620000000004       -8.0375736446869426E-004   8.1862677486898242E-003
   4154.9610000000002       -8.3513010659983411E-004   8.1638940254182817E-003
   4158.9600000000009       -8.6477855761108520E-004   8.1403223224522734E-003
   4162.9590000000007       -8.9272260875774873E-004   8.1151696265561023E-003
   4166.9580000000005       -9.1898318671180233E-004   8.0881479537813980E-003
   4170.9570000000012       -9.4354561549629408E-004   8.0589472390287555E-003
   4174.9560000000010       -9.6646201483416609E-004   8.0273647383912738E-003
   4178.9550000000008       -9.8768623002804261E-004   7.9931854551286655E-003
   4182.9540000000006       -1.0072837469756594E-003   7.9562691001888158E-003
   4186.9530000000004       -1.0252185355387675E-003   7.9164060701317901E-003
   4190.9520000000002       -1.0415718142245255E-003   7.8735928379119243E-003
   4194.9510000000000       -1.0563399756538337E-003   7.8275264497602581E-003
   4198.9500000000007       -1.0696091730031754E-003   7.7784081078822263E-003
   4202.9490000000005       -1.0813679932948248E-003   7.7258114452820499E-003
   4206.9480000000003       -1.0917546944774006E-003   7.6700949257565258E-003
   4210.9470000000010       -1.1007200362905421E-003   7.6108783363792835E-003
   4214.9460000000008       -1.1084279220349587E-003   7.5484267353479574E-003
   4218.9450000000006       -1.1148863227294749E-003   7.4826309193766448E-003
   4222.9440000000004       -1.1201709945514288E-003   7.4134658504217141E-003
   4226.9430000000011       -1.1244946387732927E-003   7.3411640341517898E-003
   4230.9420000000009       -1.1277711875460840E-003   7.2654475493491725E-003
   4234.9410000000007       -1.1304299063059275E-003   7.1867563864742223E-003
   4238.9400000000005       -1.1322724014326809E-003   7.1047557361450546E-003
   4242.9390000000003       -1.1338133827594609E-003   7.0198659105330276E-003
   4246.9380000000001       -1.1349183733084741E-003   6.9319451406252572E-003
   4250.9370000000008       -1.1360126621716936E-003   6.8412015169593884E-003
   4254.9360000000006       -1.1371990626564959E-003   6.7478143975822150E-003
   4258.9350000000004       -1.1387244367583700E-003   6.6516893525164870E-003
   4262.9340000000002       -1.1409801767325620E-003   6.5532789659988296E-003
   4266.9330000000009       -1.1441235043944602E-003   6.4523140979475665E-003
   4270.9320000000007       -1.1487216757958571E-003   6.3493581214934362E-003
   4274.9310000000005       -1.1549721087824086E-003   6.2441790364828886E-003
   4278.9300000000012       -1.1635112529000432E-003   6.1372271319057210E-003
   4282.9290000000010       -1.1746863677115022E-003   6.0284908200444586E-003
   4286.9280000000008       -1.1891947661950297E-003   5.9182362452034395E-003
   4290.9270000000006       -1.2075543486919295E-003   5.8066731023433456E-003
   4294.9260000000004       -1.2306010498392998E-003   5.6939528240621592E-003
   4298.9250000000002       -1.2590521281034652E-003   5.5803702407799831E-003
   4302.9240000000000       -1.2939360512248573E-003   5.4660612752846444E-003
   4306.9230000000007       -1.3362293096303812E-003   5.3512992731365372E-003
   4310.9220000000005       -1.3871894904858039E-003   5.2362967125119441E-003
   4314.9210000000003       -1.4481467785330095E-003   5.1213409117687944E-003
   4318.9200000000010       -1.5206308212731929E-003   5.0067095523132705E-003
   4322.9190000000008       -1.6064034263332304E-003   4.8927283437952707E-003
   4326.9180000000006       -1.7074222351026035E-003   4.7797345048602984E-003
   4330.9170000000004       -1.8259806654122930E-003   4.6680844650647327E-003
   4334.9160000000011       -1.9646495985651577E-003   3.8918410914639519E-003
   4338.9150000000009       -1.7599864999066203E-003   3.0369086681977997E-003
   4342.9140000000007       -1.5401718004664708E-003   2.1291178136058448E-003
   4346.9130000000014       -1.3109939419573829E-003   1.1941733423017054E-003
   4350.9120000000003       -1.0785241307337157E-003   2.5855718189177006E-004
   4354.9110000000001       -8.4864018474893415E-004  -6.5109742242542093E-004
   4358.9100000000008       -6.2678639641238257E-004  -1.5108283649622090E-003
   4362.9090000000006       -4.1817577163209954E-004  -2.2974568136416755E-003
   4366.9080000000004       -2.2715629514473656E-004  -2.9909271287348873E-003
   4370.9070000000002       -5.7378023996805728E-005  -3.5750480618650170E-003
   4374.9060000000009        8.8275692436541568E-005  -4.0362500556820440E-003
   4378.9050000000007        2.0805853569580020E-004  -4.3657726945782903E-003
   4382.9040000000005        3.0109218273915523E-004  -4.5593563566427072E-003
   4386.9030000000012        3.6746134653817042E-004  -4.6157522990346337E-003
   4390.9020000000010        4.0839965371020570E-004  -4.5395085718279308E-003
   4394.9010000000007        4.2580997550235731E-004  -4.3379714580705506E-003
   4398.9000000000005        4.2256710400525514E-004  -4.0221198550924060E-003
   4402.8990000000013        4.0219489508585497E-004  -3.6067552646796537E-003
   4406.8980000000001        3.6866606111933558E-004  -3.1081627102965766E-003
   4410.8969999999999        3.2642083402039767E-004  -2.5446173840062577E-003
   4414.8960000000006        2.8004363289111224E-004  -1.9363869294160992E-003
   4418.8950000000004        2.3406905797344844E-004  -1.3021975144656265E-003
   4422.8940000000002        1.9293362618871856E-004  -6.6204900214180654E-004
   4426.8930000000009        1.6060336282142177E-004  -3.3944221715024214E-005
   4430.8920000000007        1.4061794780267112E-004   5.6621443660216848E-004
   4434.8910000000005        1.3575984087570045E-004   1.1241532235990823E-003
   4438.8900000000003        1.4805230987989003E-004   1.6289840622850569E-003
   4442.8890000000010        1.7867643763959392E-004   2.0735493142152537E-003
   4446.8880000000008        2.2777970216977301E-004   2.4526915531545945E-003
   4450.8870000000006        2.9469904286762432E-004   2.7667148098958149E-003
   4454.8860000000013        3.7773048923960993E-004   3.0179459244441690E-003
   4458.8850000000011        4.7430894519951761E-004   3.2125751425604748E-003
   4462.8840000000000        5.8120503207420419E-004   3.3599311723361211E-003
   4466.8830000000007        6.9437349277550809E-004   3.4714466917691220E-003
   4470.8820000000005        8.0932572164451547E-004   3.5605073346592769E-003
   4474.8810000000003        9.2138738420609464E-004   3.6423580845145499E-003
   4478.8800000000001        1.0254011170956546E-003   3.7317324570058990E-003
   4482.8790000000008        1.1166807305825542E-003   3.8443426448118555E-003
   4486.8780000000006        1.1905274726010725E-003   3.9939675804494482E-003
   4490.8770000000004        1.2427415104786408E-003   4.1933850051292373E-003
   4494.8760000000011        1.2699370748909962E-003   4.4526411549490824E-003
   4498.8750000000009        1.2693765614958151E-003   4.7789856298309048E-003
   4502.8740000000007        1.2392167954929083E-003   5.1764241170527336E-003
   4506.8730000000005        1.1790317253130604E-003   5.6448817410786143E-003
   4510.8720000000012        1.0889366787204707E-003   6.1806415755474688E-003
   4514.8710000000010        9.7076773270619431E-004   6.7760316013749091E-003
   4518.8699999999999        8.2714077017133510E-004   7.4189048182250958E-003
   4522.8690000000006        6.6183287942194228E-004   8.0944260773129634E-003
   4526.8680000000004        4.7967645515711806E-004   8.7838334840837327E-003
   4530.8670000000002        2.8632635018818319E-004   9.4655398308559451E-003
   4534.8660000000009        8.7941723093133171E-005   1.0117379478551678E-002
   4538.8650000000007       -1.0849964887429157E-004   1.0714001873174606E-002
   4542.8640000000005       -2.9622134323150224E-004   1.1231568949864124E-002
   4546.8630000000003       -4.6800114735100413E-004   1.1646037043442015E-002
   4550.8620000000010       -6.1723052195255645E-004   1.1934748660544744E-002
   4554.8610000000008       -7.3753261198820561E-004   1.2078069985875503E-002
   4558.8600000000006       -8.2339852035550438E-004   1.2059711418951107E-002
   4562.8590000000013       -8.7027258375357082E-004   1.1866304389877994E-002
   4566.8580000000011       -8.7461422598787307E-004   1.1491476840386646E-002
   4570.8570000000009       -8.3436641127508377E-004   1.0931520242543959E-002
   4574.8559999999998       -7.4880045169301056E-004   1.0190562059817174E-002
   4578.8550000000005       -6.1859048092015323E-004   9.2770305862081518E-003
   4582.8540000000003       -4.4618823827315514E-004   8.2058824368174601E-003
   4586.8530000000001       -2.3529772315053360E-004   6.9972100101386402E-003
   4590.8520000000008        8.9609647739272710E-006   5.6763481952986743E-003
   4594.8510000000006        2.7980826168007419E-004   4.2730763860808745E-003
   4598.8500000000004        5.6998052104551217E-004   2.8210588074565612E-003
   4602.8490000000011        8.7062418360567186E-004   1.3561200978676777E-003
   4606.8480000000009        1.1727476053151641E-003  -8.3024990945866064E-005
   4610.8470000000007        1.4667122607573727E-003  -1.4584811069701217E-003
   4614.8460000000005        1.7428652057770134E-003  -2.7318553220707057E-003
   4618.8450000000012        1.9917361883143463E-003  -3.8665426156357045E-003
   4622.8440000000010        2.2044970787443185E-003  -4.8301983776998054E-003
   4626.8430000000008        2.3728693308012116E-003  -5.5922468929059986E-003
   4630.8420000000006        2.4900661473942383E-003  -6.1296482939062931E-003
   4634.8410000000003        2.5501552491877270E-003  -6.4235578148554096E-003
   4638.8400000000001        2.5492850108855170E-003  -6.4626308245253842E-003
   4642.8390000000009        2.4848188662192376E-003  -6.2424606879896618E-003
   4646.8380000000006        2.3562526081463988E-003  -5.7662801280842224E-003
   4650.8370000000004        2.1649302199414607E-003  -5.0442545982564545E-003
   4654.8360000000002        1.9137899628480126E-003  -4.0951803022712787E-003
   4658.8350000000009        1.6080595383771885E-003  -2.9430419110300196E-003
   4662.8340000000007        1.2541939692977525E-003  -1.6203782397956087E-003
   4666.8330000000005        8.6045119626168998E-004  -1.6293374832934183E-004
   4670.8320000000012        4.3634737060261995E-004   1.3867685754725091E-003
   4674.8310000000010       -7.6164796680654411E-006   2.9843003828063878E-003
   4678.8300000000008       -4.6022038421339830E-004   4.5828417708771527E-003
   4682.8290000000006       -9.0959280531442916E-004   6.1336416980257409E-003
   4686.8280000000004       -1.3442233849533783E-003   7.5905327029787426E-003
   4690.8270000000002       -1.7522544529615183E-003   8.9073053219047606E-003
   4694.8260000000000       -2.1231214646422205E-003   1.0042321578115496E-002
   4698.8250000000007       -2.4464456507631285E-003   1.0957997981281636E-002
   4702.8240000000005       -2.7137197179560265E-003   1.1622510354250357E-002
   4706.8230000000003       -2.9174716474165891E-003   1.2010294981762580E-002
   4710.8220000000010       -3.0520005609478598E-003   1.2104074255653283E-002
   4714.8210000000008       -3.1137424791130765E-003   1.1892872122990707E-002
   4718.8200000000006       -3.1005901167826156E-003   1.1376099846484085E-002
   4722.8190000000004       -3.0129465398123370E-003   1.0558711827459270E-002
   4726.8180000000011       -2.8528881649290344E-003   9.4566963660967160E-003
   4730.8170000000009       -2.6245604285837763E-003   8.0910236643022011E-003
   4734.8160000000007       -2.3338576742019329E-003   6.4912518692738161E-003
   4738.8150000000014       -1.9884086637733719E-003   4.6931832082517380E-003
   4742.8140000000003       -1.5970118206666767E-003   2.7360792533378800E-003
   4746.8130000000001       -1.1699903802530355E-003   6.6581063314542354E-004
   4750.8120000000008       -7.1795555326422008E-004  -1.4717568189801106E-003
   4754.8110000000006       -2.5274006919229604E-004  -3.6272063048553497E-003
   4758.8100000000004        2.1440167023309802E-004  -5.7526137158888354E-003
   4762.8090000000002        6.7166126591906676E-004  -7.8003137507216252E-003
   4766.8080000000009        1.1080565997978555E-003  -9.7259455521666351E-003
   4770.8070000000007        1.5134145210714755E-003  -1.1488302282277369E-002
   4774.8060000000005        1.8780882948176729E-003  -1.3051575918331344E-002
   4778.8050000000012        2.1944099329322619E-003  -1.4384622232107729E-002
   4782.8040000000010        2.4553787939399249E-003  -1.5464207952088093E-002
   4786.8030000000008        2.6562597983814853E-003  -1.6271928535549020E-002
   4790.8020000000006        2.7934272448119075E-003  -1.6798279527042811E-002
   4794.8010000000013        2.8653803822243262E-003  -1.7040008014337898E-002
   4798.8000000000002        2.8720527882620198E-003  -1.7000225418386875E-002
   4802.7990000000000        2.8150634892793011E-003  -1.6690527548124216E-002
   4806.7980000000007        2.6975749513656394E-003  -1.6125669316479165E-002
   4810.7970000000005        2.5240962162481049E-003  -1.5329081602916191E-002
   4814.7960000000003        2.3001515086151360E-003  -1.4325081796136962E-002
   4818.7950000000010        2.0324551387569823E-003  -1.3144745969382924E-002
   4822.7940000000008        1.7281936093489318E-003  -1.1819251948706509E-002
   4826.7930000000006        1.3950533274319707E-003  -1.0382188625776414E-002
   4830.7920000000004        1.0411214333117984E-003  -8.8681566675450664E-003
   4834.7910000000011        6.7404318527262746E-004  -7.3096191091355026E-003
   4838.7900000000009        3.0178822092367523E-004  -5.7394914823622909E-003
   4842.7890000000007       -6.8881328279707461E-005  -4.1867101907435327E-003
   4846.7880000000014       -4.3097202041091114E-004  -2.6788987789802291E-003
   4850.7870000000012       -7.7906621301229457E-004  -1.2389060159630123E-003
   4854.7860000000001       -1.1080380765339808E-003   1.1303401400641043E-004
   4858.7849999999999       -1.4138558260610092E-003   1.3612850870907312E-003
   4862.7840000000006       -1.6936108143028551E-003   2.4936815813317130E-003
   4866.7830000000004       -1.9448102230089340E-003   3.5023732894609461E-003
   4870.7820000000002       -2.1664815447334997E-003   4.3820421448724145E-003
   4874.7810000000009       -2.3575965756657612E-003   5.1316762017986671E-003
   4878.7800000000007       -2.5185913548579036E-003   5.7516757011301118E-003
   4882.7790000000005       -2.6496485511690736E-003   6.2449648486892504E-003
   4886.7780000000012       -2.7517619577257665E-003   6.6158997232459551E-003
   4890.7770000000010       -2.8259392565310581E-003   6.8687672191478774E-003
   4894.7760000000007       -2.8731302794477872E-003   7.0095278932374412E-003
   4898.7750000000005       -2.8944149346186157E-003   7.0413201162501425E-003
   4902.7740000000013       -2.8903328538139373E-003   6.9694969969693920E-003
   4906.7730000000010       -2.8614602600825286E-003   6.7948961620975098E-003
   4910.7719999999999       -2.8076044367652975E-003   6.5196325959153024E-003
   4914.7710000000006       -2.7285216013890764E-003   6.1427256051479490E-003
   4918.7700000000004       -2.6232909952788840E-003   5.6619274922834247E-003
   4922.7690000000002       -2.4908145165663301E-003   5.0748187442229108E-003
   4926.7680000000009       -2.3295662693615673E-003   4.3758361695942979E-003
   4930.7670000000007       -2.1380531493449774E-003   3.5622878275998957E-003
   4934.7660000000005       -1.9145608368517414E-003   2.6277380486558429E-003
   4938.7650000000003       -1.6576622726595252E-003   1.5702907269461719E-003
   4942.7640000000010       -1.3662510453574250E-003   3.8691087069320077E-004
   4946.7630000000008       -1.0396883029303264E-003  -9.2173924303102356E-004
   4950.7620000000006       -6.7819715773275628E-004  -2.3521074428541093E-003
   4954.7610000000013       -2.8264567893922650E-004  -3.8980147786685706E-003
   4958.7600000000011        1.4462002101015640E-004  -5.5468736541098825E-003
   4962.7590000000009        6.0060449281802871E-004  -7.2844717899800474E-003
   4966.7579999999998        1.0804692576385721E-003  -9.0881811312675184E-003
   4970.7570000000005        1.5784784332897384E-003  -1.0933367327638763E-002
   4974.7560000000003        2.0872837040722711E-003  -1.2788214985263082E-002
   4978.7550000000001        2.5983654161991919E-003  -1.4617522518526568E-002
   4982.7540000000008        3.1021245485175790E-003  -1.6381595527250860E-002
   4986.7530000000006        3.5875919600595512E-003  -1.8036711587835149E-002
   4990.7520000000004        4.0436320988532009E-003  -1.9538485011064994E-002
   4994.7510000000011        4.4578336627011852E-003  -2.0838689173027183E-002
   4998.7500000000009        4.8183256580258361E-003  -2.1891996275652390E-002
   5002.7490000000007        5.1127713152828418E-003  -2.2651868043888558E-002
   5006.7480000000005        5.3297512608109516E-003  -2.3076762282317489E-002
   5010.7470000000012        5.4586003583526541E-003  -2.3128226373566537E-002
   5014.7460000000010        5.4897723669723808E-003  -2.2774210658782948E-002
   5018.7450000000008        5.4158904709467178E-003  -2.1990645254427808E-002
   5022.7440000000006        5.2308243497085367E-003  -2.0760400541329445E-002
   5026.7430000000004        4.9316294565481845E-003  -1.9078570368439775E-002
   5030.7420000000002        4.5098090169980003E-003  -1.6731771038790515E-002
   5034.7410000000009        3.8091231645792614E-003  -1.2777617003222660E-002
   5038.7400000000007        2.5815119656620047E-003  -6.9653791515400174E-003
   5042.7390000000005        1.0750481207185702E-003  -1.9286707974558465E-003
   5046.7380000000003        1.7297302459038378E-004  -1.9035634665561600E-004
   5050.7370000000010        2.6859104225169160E-005   1.8372795295885222E-004
   5054.7360000000008       -1.0631001923962224E-005   1.3638501229763089E-005
   5058.7350000000006       -5.8540900738183758E-007  -3.4500867181160568E-008
   5062.7340000000013        1.5530474253836456E-010  -5.2331500088911157E-009
