   3379.1550000000007       -1.6755109266227387E-004  -1.0863914730676787E-003
   3383.1540000000005       -1.4997679670397456E-004  -1.0946061555280558E-003
   3387.1530000000002       -1.3292610054260626E-004  -1.1026902303512699E-003
   3391.1520000000005       -1.1625371145250092E-004  -1.1106796320631835E-003
   3395.1510000000003       -1.0034196576364791E-004  -1.1182333296545157E-003
   3399.1500000000005       -8.4690653277304299E-005  -1.1258887602029475E-003
   3403.1490000000008       -7.0026565217876487E-005  -1.1329184597795570E-003
   3407.1480000000006       -5.5530535463340143E-005  -1.1401044621964919E-003
   3411.1470000000004       -4.2160342434299188E-005  -1.1466369807092748E-003
   3415.1460000000002       -2.9004847827402775E-005  -1.1532350453287406E-003
   3419.1450000000004       -1.6905868595670231E-005  -1.1592516925046524E-003
   3423.1440000000007       -5.2426059359458229E-006  -1.1651550968825967E-003
   3427.1430000000005        5.5982769933783985E-006  -1.1706352904363091E-003
   3431.1420000000007        1.5674312311547276E-005  -1.1758010076543984E-003
   3435.1410000000005        2.5197493250372590E-005  -1.1806648298238749E-003
   3439.1400000000003        3.3708642608291960E-005  -1.1850701112007121E-003
   3443.1390000000001        4.1836341589185767E-005  -1.1892812172699901E-003
   3447.1380000000004        4.8769353453756382E-005  -1.1929144250437164E-003
   3451.1370000000006        5.5466141518030801E-005  -1.1964127346649955E-003
   3455.1360000000004        6.0842237156344853E-005  -1.1993033449657952E-003
   3459.1350000000007        6.6029144283800322E-005  -1.2019892266105338E-003
   3463.1340000000005        6.9989164600739326E-005  -1.2042102549734380E-003
   3467.1330000000003        7.3503664839775373E-005  -1.2060303962990754E-003
   3471.1320000000005        7.6216321761913476E-005  -1.2074877337880652E-003
   3475.1310000000003        7.8091695921314439E-005  -1.2085458858785219E-003
   3479.1300000000006        7.9498821561768842E-005  -1.2091592902106830E-003
   3483.1290000000004        7.9903748386819649E-005  -1.2094340495363127E-003
   3487.1280000000006        8.0012901424047838E-005  -1.2092034585359283E-003
   3491.1270000000009        7.9062745257729128E-005  -1.2087194207938696E-003
   3495.1260000000002        7.7874939488346568E-005  -1.2076629267559395E-003
   3499.1250000000005        7.5706794657230952E-005  -1.2063698385856320E-003
   3503.1240000000003        7.3255810022991772E-005  -1.2045649880161895E-003
   3507.1230000000005        7.0010857964603878E-005  -1.2024260351826248E-003
   3511.1220000000008        6.6360019727420579E-005  -1.1999418599336203E-003
   3515.1210000000005        6.2128831667663392E-005  -1.1969648295540869E-003
   3519.1200000000008        5.7412256279009826E-005  -1.1937932234907928E-003
   3523.1190000000001        5.2296043960005323E-005  -1.1900106530260395E-003
   3527.1180000000004        4.6676781899132366E-005  -1.1861495801689613E-003
   3531.1170000000002        4.0776561662834261E-005  -1.1816278362063643E-003
   3535.1160000000004        3.4381049260166037E-005  -1.1770541981995959E-003
   3539.1150000000007        2.7859062551700045E-005  -1.1718550276529505E-003
   3543.1140000000005        2.0832625940547027E-005  -1.1665734660985360E-003
   3547.1130000000007        1.3782126796595858E-005  -1.1607823195372454E-003
   3551.1120000000001        6.3106600325648840E-006  -1.1548017936912792E-003
   3555.1110000000003       -1.1805198758911280E-006  -1.1484790829089152E-003
   3559.1100000000006       -8.9171266606505377E-006  -1.1418197328697634E-003
   3563.1090000000004       -1.6707673858850977E-005  -1.1350333168512344E-003
   3567.1080000000006       -2.4598875232065531E-005  -1.1277435129473474E-003
   3571.1070000000004       -3.2511795507338565E-005  -1.1205061774674880E-003
   3575.1060000000007       -4.0403400575436508E-005  -1.1126314306253980E-003
   3579.1050000000005       -4.8286418736486706E-005  -1.1049806380354842E-003
   3583.1040000000003       -5.6057289631198835E-005  -1.0966037764187809E-003
   3587.1030000000005       -6.3725347122452138E-005  -1.0884726250166587E-003
   3591.1020000000003       -7.1238292496787314E-005  -1.0797719834671309E-003
   3595.1010000000006       -7.8569890657207017E-005  -1.0711139145033633E-003
   3599.1000000000008       -8.5670828324182097E-005  -1.0621940594090378E-003
   3603.0990000000006       -9.2571324459012641E-005  -1.0530444200965879E-003
   3607.0980000000004       -9.9102405841991362E-005  -1.0439210673807711E-003
   3611.0970000000002       -1.0545319217644341E-004  -1.0343738191689732E-003
   3615.0960000000005       -1.1132168532220063E-004  -1.0250795077868099E-003
   3619.0950000000007       -1.1698943307276492E-004  -1.0151741562343486E-003
   3623.0940000000005       -1.2207796976034495E-004  -1.0057089877469592E-003
   3627.0930000000008       -1.2694361537607575E-004  -9.9558544620268852E-004
   3631.0920000000006       -1.3118522424647466E-004  -9.8585691340717717E-004
   3635.0910000000003       -1.3510520518789500E-004  -9.7564144661365596E-004
   3639.0900000000001       -1.3842702959651385E-004  -9.6561646950013786E-004
   3643.0890000000004       -1.4129892231250508E-004  -9.5540175359369432E-004
   3647.0880000000006       -1.4366688058415841E-004  -9.4510772240407530E-004
   3651.0870000000004       -1.4540223091546745E-004  -9.3491289695832671E-004
   3655.0860000000007       -1.4676086795199531E-004  -9.2438331182852294E-004
   3659.0850000000005       -1.4731037746256294E-004  -9.1423647123572646E-004
   3663.0840000000003       -1.4761339689474851E-004  -9.0354901859640829E-004
   3667.0830000000005       -1.4698418633429369E-004  -8.9339245677108061E-004
   3671.0820000000003       -1.4613537064976181E-004  -8.8265503270686888E-004
   3675.0810000000006       -1.4435460961303453E-004  -8.7239595811998568E-004
   3679.0800000000004       -1.4228338726224288E-004  -8.6173236212370964E-004
   3683.0790000000006       -1.3940731545313090E-004  -8.5131035257015990E-004
   3687.0780000000009       -1.3605661333358535E-004  -8.4073941775539046E-004
   3691.0770000000002       -1.3210865459977134E-004  -8.3015815695360409E-004
   3695.0760000000005       -1.2748657535229793E-004  -8.1971013540550969E-004
   3699.0750000000003       -1.2252422038837234E-004  -8.0897679585070369E-004
   3703.0740000000005       -1.1666514398770371E-004  -7.9862552824187989E-004
   3707.0730000000008       -1.1069090500971597E-004  -7.8778727323670634E-004
   3711.0720000000006       -1.0371040073570153E-004  -7.7746530055655433E-004
   3715.0710000000008       -9.6721094370548483E-005  -7.6663343962691350E-004
   3719.0700000000002       -8.8777463873929835E-005  -7.5621300007177792E-004
   3723.0690000000004       -8.0742304104208226E-005  -7.4543260092561317E-004
   3727.0680000000002       -7.1967218259222067E-005  -7.3486746133061785E-004
   3731.0670000000005       -6.2937187998336866E-005  -7.2415086278658687E-004
   3735.0660000000007       -5.3464538362865818E-005  -7.1339214644752617E-004
   3739.0650000000005       -4.3491575570041790E-005  -7.0271057522471470E-004
   3743.0640000000008       -3.3429086573912340E-005  -6.9173955987096320E-004
   3747.0630000000001       -2.2645177188602533E-005  -6.8106043887281541E-004
   3751.0620000000004       -1.2080530839226423E-005  -6.6990749162333565E-004
   3755.0610000000006       -6.8572126705607466E-007  -6.5910800617491750E-004
   3759.0600000000004        1.0366971945128861E-005  -6.4783243933246417E-004
   3763.0590000000007        2.2130733558837920E-005  -6.3681688644327177E-004
   3767.0580000000004        3.3608730982060900E-005  -6.2543621151257790E-004
   3771.0570000000007        4.5541595286945690E-005  -6.1412340611703069E-004
   3775.0560000000005        5.7371900952982104E-005  -6.0260204239349013E-004
   3779.0550000000003        6.9292780189472340E-005  -5.9094666767855867E-004
   3783.0540000000005        8.1357310454227241E-005  -5.7925666521723481E-004
   3787.0530000000003        9.3102514527069894E-005  -5.6720712594365678E-004
   3791.0520000000006        1.0524410037234781E-004  -5.5526292811617392E-004
   3795.0510000000008        1.1673349641719898E-004  -5.4283440078820803E-004
   3799.0500000000006        1.2869454865951143E-004  -5.3052945833078106E-004
   3803.0490000000004        1.3988304990155916E-004  -5.1774519050697783E-004
   3807.0480000000002        1.5140732859970406E-004  -5.0498163455910258E-004
   3811.0470000000005        1.6222917034547891E-004  -4.9182174631620429E-004
   3815.0460000000007        1.7310312669806846E-004  -4.7854121006211936E-004
   3819.0450000000005        1.8346364933317322E-004  -4.6496332423240464E-004
   3823.0440000000008        1.9349744050397064E-004  -4.5109941847715088E-004
   3827.0430000000006        2.0330412132718695E-004  -4.3705521644421162E-004
   3831.0420000000008        2.1235230665268010E-004  -4.2257078828682171E-004
   3835.0410000000006        2.2143734516079161E-004  -4.0797038336013770E-004
   3839.0400000000009        2.2946556204015355E-004  -3.9286162812522321E-004
   3843.0390000000002        2.3759610108376128E-004  -3.7760959221105894E-004
   3847.0380000000000        2.4459518778478849E-004  -3.6187580583855197E-004
   3851.0370000000003        2.5156132789948564E-004  -3.4590794604826171E-004
   3855.0360000000001        2.5749819495744157E-004  -3.2951073378223157E-004
   3859.0350000000003        2.6313915416263119E-004  -3.1278381365312319E-004
   3863.0340000000006        2.6798063617909261E-004  -2.9569150742108925E-004
   3867.0330000000004        2.7215007941871073E-004  -2.7816788668893637E-004
   3871.0320000000006        2.7586325374804113E-004  -2.6032119635090628E-004
   3875.0310000000004        2.7851791114988670E-004  -2.4198273434057054E-004
   3879.0300000000007        2.8098534817151260E-004  -2.2331647078300198E-004
   3883.0290000000009        2.8218066969159708E-004  -2.0415751242443007E-004
   3887.0280000000007        2.8326749762349365E-004  -1.8460544002699562E-004
   3891.0270000000010        2.8309540903707182E-004  -1.6460542414581576E-004
   3895.0260000000007        2.8271433002849031E-004  -1.4414573251774648E-004
   3899.0250000000001        2.8124217753086492E-004  -1.2328047049219352E-004
   3903.0240000000003        2.7933786830807941E-004  -1.0189953123962562E-004
   3907.0230000000001        2.7667558564424338E-004  -8.0117243347228265E-005
   3911.0220000000004        2.7325909254244683E-004  -5.7819502882807143E-005
   3915.0210000000002        2.6948253911207625E-004  -3.5085791324962433E-005
   3919.0200000000004        2.6468218294561756E-004  -1.1874567721769107E-005
   3923.0190000000002        2.5982625814382967E-004   1.1858888110668497E-005
   3927.0180000000005        2.5389582737384497E-004   3.5995754156454784E-005
   3931.0170000000007        2.4802498167407049E-004   6.0746014862787586E-005
   3935.0160000000005        2.4124579638573574E-004   8.5833416658254885E-005
   3939.0150000000008        2.3451095826513727E-004   1.1160447836249597E-004
   3943.0140000000006        2.2722345327661042E-004   1.3770890511985621E-004
   3947.0130000000008        2.1985906406454879E-004   1.6446414464633006E-004
   3951.0120000000011        2.1244960373577448E-004   1.9165943607997091E-004
   3955.0110000000000        2.0483511222756367E-004   2.1938911683348661E-004
   3959.0100000000002        1.9771743898114847E-004   2.4774083643781331E-004
   3963.0090000000000        1.9044049215157158E-004   2.7647283374476007E-004
   3967.0080000000003        1.8407683389954236E-004   3.0603803558314430E-004
   3971.0070000000005        1.7790542904472413E-004   3.3585307702695534E-004
   3975.0060000000003        1.7291165361218647E-004   3.6667545627777252E-004
   3979.0050000000006        1.6874481422374783E-004   3.9777897521047655E-004
   3983.0040000000004        1.6598112268023286E-004   4.2980801134673903E-004
   3987.0030000000006        1.6472380278979352E-004   4.6250442595485291E-004
   3991.0020000000009        1.6530774855376212E-004   4.9590402986760104E-004
   3995.0010000000007        1.6799558315796131E-004   5.3030292486753799E-004
   3999.0000000000009        1.7293401698678217E-004   5.6540540651150376E-004
   4002.9990000000007        1.8058322917880078E-004   6.0175171931620445E-004
   4006.9980000000010        1.9069565129861861E-004   6.3891497441841735E-004
   4010.9970000000003        2.0379298876367657E-004   6.7757735612024241E-004
   4014.9960000000001        2.1921795978280484E-004   7.1726296542910079E-004
   4018.9950000000003        2.3718194262801676E-004   7.5865819550985283E-004
   4022.9940000000001        2.5656843122004463E-004   8.0140922657345856E-004
   4026.9930000000004        2.7683390997043715E-004   8.4596957167938245E-004
   4030.9920000000002        2.9555783848238758E-004   8.2823263651894100E-004
   4034.9910000000004        2.3957209320101672E-004   8.1100942515795519E-004
   4038.9900000000007        1.7336841466612451E-004   8.1972896461304649E-004
   4042.9890000000005        1.5081104260552572E-005   9.7482293431343681E-004
   4046.9880000000007       -6.0774962937947723E-004   1.8853197460062668E-003
   4050.9870000000005       -3.3974912383344558E-003   1.0193523493336064E-003
   4054.9860000000008       -6.6462900430630468E-004   9.0338065529381559E-004
   4058.9850000000010       -1.0373642599916700E-004   9.3198126026317616E-004
   4062.9840000000008       -1.9403074724215240E-005   9.8645056519444749E-004
   4066.9830000000002       -3.8331758016592823E-005   1.0434753238902352E-003
   4070.9820000000000       -7.7886685885789861E-005   1.0982272526269411E-003
   4074.9810000000002       -1.1960805288230232E-004   1.1497618277806622E-003
   4078.9800000000005       -1.5912142121478177E-004   1.1974886644473325E-003
   4082.9790000000003       -1.9550839885255041E-004   1.2413812859131618E-003
   4086.9780000000005       -2.2827689621426309E-004   1.2810353045567451E-003
   4090.9770000000003       -2.5759259908313521E-004   1.3164418911557228E-003
   4094.9760000000006       -2.8326857517287969E-004   1.3473218552593447E-003
   4098.9750000000004       -3.0558565677797926E-004   1.3735979685709646E-003
   4102.9740000000011       -3.2451859167062632E-004   1.3951036083476342E-003
   4106.9730000000009       -3.4027622544131159E-004   1.4117675014839962E-003
   4110.9720000000007       -3.5298866760829215E-004   1.4233961664909887E-003
   4114.9710000000005       -3.6276328412078966E-004   1.4300882926608005E-003
   4118.9700000000012       -3.6981010574992600E-004   1.4314780044917439E-003
   4122.9690000000010       -3.7418014003367389E-004   1.4279443993423168E-003
   4126.9679999999998       -3.7605931973367892E-004   1.4189273265326505E-003
   4130.9670000000006       -3.7553204881761849E-004   1.4050627693988089E-003
   4134.9660000000003       -3.7268324151060422E-004   1.3856717741163292E-003
   4138.9650000000001       -3.6768709615076970E-004   1.3614889509588782E-003
   4142.9640000000009       -3.6054285994140600E-004   1.3319416541815489E-003
   4146.9630000000006       -3.5148580291156147E-004   1.2976110688101361E-003
   4150.9620000000004       -3.4051475307324107E-004   1.2582294623606745E-003
   4154.9610000000002       -3.2781025205336586E-004   1.2140732204973955E-003
   4158.9600000000009       -3.1347325615048546E-004   1.1653163437724758E-003
   4162.9590000000007       -2.9752228656628398E-004   1.1118828330075848E-003
   4166.9580000000005       -2.8023617844633161E-004   1.0543580220925984E-003
   4170.9570000000012       -2.6144058675083172E-004   9.9238499600648672E-004
   4174.9560000000010       -2.4161032456908112E-004   9.2681032307279727E-004
   4178.9550000000008       -2.2042272551974206E-004   8.5716992865322438E-004
   4182.9540000000006       -1.9847713857381634E-004   7.8437974043642060E-004
   4186.9530000000004       -1.7540212423524201E-004   7.0804136176367020E-004
   4190.9520000000002       -1.5179405209978292E-004   6.2899236549840236E-004
   4194.9510000000000       -1.2734201456751502E-004   5.4705253989752406E-004
   4198.9500000000007       -1.0251808444539032E-004   4.6285517240508253E-004
   4202.9490000000005       -7.7181017658978031E-005   3.7652687752367018E-004
   4206.9480000000003       -5.1594185058999952E-005   2.8841017437227791E-004
   4210.9470000000010       -2.5854652930243381E-005   1.9896755938428844E-004
   4214.9460000000008       -9.1756416227338867E-009   1.0822565979944346E-004
   4218.9450000000006        2.5620537382168307E-005   1.6958263753813707E-005
   4222.9440000000004        5.1165492789685945E-005  -7.5061331343150703E-005
   4226.9430000000011        7.6167489169187108E-005  -1.6680193285383230E-004
   4230.9420000000009        1.0085088316004192E-004  -2.5863900986048598E-004
   4234.9410000000007        1.2473357410611473E-004  -3.4946082047576416E-004
   4238.9400000000005        1.4801714546192898E-004  -4.3960536519136454E-004
   4242.9390000000003        1.7027310015638029E-004  -5.2808616163900848E-004
   4246.9380000000001        1.9160260002890300E-004  -6.1505637383279588E-004
   4250.9370000000008        2.1166381972803774E-004  -6.9979738992364973E-004
   4254.9360000000006        2.3045002922263336E-004  -7.8214970805534048E-004
   4258.9350000000004        2.4769066687288158E-004  -8.6171176365159045E-004
   4262.9340000000002        2.6333769216140284E-004  -9.3804491608225700E-004
   4266.9330000000009        2.7711367000111936E-004  -1.0109688522179294E-003
   4270.9320000000007        2.8899533083318957E-004  -1.0798869611513692E-003
   4274.9310000000005        2.9863352718460524E-004  -1.1447054717562803E-003
   4278.9300000000012        3.0603370428489369E-004  -1.2048280595104075E-003
   4282.9290000000010        3.1076133091982285E-004  -1.2601255864221031E-003
   4286.9280000000008        3.1281288153844672E-004  -1.3101037130285066E-003
   4290.9270000000006        3.1171495342421641E-004  -1.3545049043405485E-003
   4294.9260000000004        3.0738737598234867E-004  -1.3929499264693887E-003
   4298.9250000000002        2.9937946230046880E-004  -1.4250792477921606E-003
   4302.9240000000000        2.8746430271380007E-004  -1.4505322141527516E-003
   4306.9230000000007        2.7121633843878184E-004  -1.4689431637778423E-003
   4310.9220000000005        2.5023369592456726E-004  -1.4798801905565977E-003
   4314.9210000000003        2.2403694072415544E-004  -1.4830225929393017E-003
   4318.9200000000010        1.9206244275849675E-004  -1.4778314271166504E-003
   4322.9190000000008        1.5369367619552575E-004  -1.4639961580440375E-003
   4326.9180000000006        1.0819963547990115E-004  -1.4408756682238845E-003
   4330.9170000000004        5.4778258497717484E-005  -1.4080471657788307E-003
   4334.9160000000011       -7.5057548102672147E-006  -1.1028877131505066E-003
   4338.9150000000009       -1.8360254587300060E-005  -7.3904698607894965E-004
   4342.9140000000007       -4.4236343221476239E-005  -3.2235921246553126E-004
   4346.9130000000014       -8.3971065347768388E-005   1.4162807209419165E-004
   4350.9120000000003       -1.3587016401667880E-004   6.4287519008794300E-004
   4354.9110000000001       -1.9783639952838047E-004   1.1718929412375674E-003
   4358.9100000000008       -2.6731964537974603E-004   1.7171063227137007E-003
   4362.9090000000006       -3.4159486273724685E-004   2.2657487246523682E-003
   4366.9080000000004       -4.1768231051246514E-004   2.8064776924485255E-003
   4370.9070000000002       -4.9261827355735267E-004   3.3256236720440404E-003
   4374.9060000000009       -5.6346598810735839E-004   3.8127453588907186E-003
   4378.9050000000007       -6.2746719420834227E-004   4.2564974203415720E-003
   4382.9040000000005       -6.8218607304997405E-004   4.6478108172783696E-003
   4386.9030000000012       -7.2549364428865358E-004   4.9799614723071905E-003
   4390.9020000000010       -7.5579796665894820E-004   5.2465510545977537E-003
   4394.9010000000007       -7.7193071647839982E-004   5.4457276448041242E-003
   4398.9000000000005       -7.7333705558281659E-004   5.5757712731636022E-003
   4402.8990000000013       -7.6000329710350519E-004   5.6386537050097654E-003
   4406.8980000000001       -7.3241862587290611E-004   5.6383914524004795E-003
   4410.8969999999999       -6.9172897732000982E-004   5.5799470968613280E-003
   4414.8960000000006       -6.3935494611481319E-004   5.4722080683669962E-003
   4418.8950000000004       -5.7738017913400359E-004   5.3229945336986306E-003
   4422.8940000000002       -5.0797335250053342E-004   5.1435318060967196E-003
   4426.8930000000009       -4.3370776805666463E-004   4.9443310279449126E-003
   4430.8920000000007       -3.5725762006478021E-004   4.7364323056210602E-003
   4434.8910000000005       -2.8121322881650138E-004   4.5315979118193423E-003
   4438.8900000000003       -2.0831927529868093E-004   4.3393486129066202E-003
   4442.8890000000010       -1.4087196702123602E-004   4.1701344279146072E-003
   4446.8880000000008       -8.1137765147335904E-005   4.0315050532173805E-003
   4450.8870000000006       -3.0910004442979161E-005   3.9300568703824800E-003
   4454.8860000000013        8.5124140767420100E-006   3.8708534761741965E-003
   4458.8850000000011        3.5983058466103572E-005   3.8556895152441362E-003
   4462.8840000000000        5.1361272087964869E-005   3.8859719864215389E-003
   4466.8830000000007        5.4408899817367967E-005   3.9593401742017637E-003
   4470.8820000000005        4.5900258045290747E-005   4.0726748081249802E-003
   4474.8810000000003        2.6775983739543944E-005   4.2204066444254153E-003
   4478.8800000000001       -1.6092756866835426E-006   4.3953343748203196E-003
   4482.8790000000008       -3.7264553725096903E-005   4.5894204005942846E-003
   4486.8780000000006       -7.8371456140833532E-005   4.7929173342889982E-003
   4490.8770000000004       -1.2243055396521613E-004   4.9961455158580876E-003
   4494.8760000000011       -1.6718663661659450E-004   5.1887638156851903E-003
   4498.8750000000009       -2.1032076293618941E-004   5.3609017872363156E-003
   4502.8740000000007       -2.4929802039920095E-004   5.5030226435577138E-003
   4506.8730000000005       -2.8236914593347411E-004   5.6068017405912973E-003
   4510.8720000000012       -3.0726058026347237E-004   5.6649179837343303E-003
   4514.8710000000010       -3.2280370745358847E-004   5.6717986119502028E-003
   4518.8699999999999       -3.2761796248933079E-004   5.6234923294214909E-003
   4522.8690000000006       -3.2100740470577090E-004   5.5177362506730714E-003
   4526.8680000000004       -3.0280442707513963E-004   5.3547268986857410E-003
   4530.8670000000002       -2.7294128921691801E-004   5.1358122916944785E-003
   4534.8660000000009       -2.3225357484128698E-004   4.8649734014506486E-003
   4538.8650000000007       -1.8156874679232314E-004   4.5473874502775210E-003
   4542.8640000000005       -1.2229346365087105E-004   4.1895454942012583E-003
   4546.8630000000003       -5.6208980613098116E-005   3.8002706243840810E-003
   4550.8620000000010        1.4997279951992592E-005   3.3872966849447482E-003
   4554.8610000000008        8.8963449776852788E-005   2.9615252306215856E-003
   4558.8600000000006        1.6379242491745981E-004   2.5315782576570832E-003
   4562.8590000000013        2.3711395193490043E-004   2.1079149447176624E-003
   4566.8580000000011        3.0693638400164998E-004   1.6996452641491106E-003
   4570.8570000000009        3.7131870056864767E-004   1.3148571758751781E-003
   4574.8559999999998        4.2849735073693902E-004   9.6187067054521980E-004
   4578.8550000000005        4.7709467281325217E-004   6.4602359125115168E-004
   4582.8540000000003        5.1597300706388114E-004   3.7264947852961406E-004
   4586.8530000000001        5.4441342652288146E-004   1.4496738136114462E-004
   4590.8520000000008        5.6200576199441437E-004  -3.6096183443811737E-005
   4594.8510000000006        5.6884710826820802E-004  -1.6943446839488922E-004
   4598.8500000000004        5.6521492236433180E-004  -2.5823758901951548E-004
   4602.8490000000011        5.5202532009819138E-004  -3.0433292385855784E-004
   4606.8480000000009        5.3019979947124276E-004  -3.1327282790751128E-004
   4610.8470000000007        5.0119210496648973E-004  -2.9028231918325307E-004
   4614.8460000000005        4.6656743748104762E-004  -2.4203489291994257E-004
   4618.8450000000012        4.2797111819180446E-004  -1.7602860369665205E-004
   4622.8440000000010        3.8738907234239122E-004  -9.9605936711883033E-005
   4626.8430000000008        3.4649053153789082E-004  -2.0670924507926056E-005
   4630.8420000000006        3.0719127843643375E-004   5.3297010689895558E-005
   4634.8410000000003        2.7123746327343623E-004   1.1517614542475059E-004
   4638.8400000000001        2.3995602779787163E-004   1.5867977834098108E-004
   4642.8390000000009        2.1504829770011867E-004   1.7802313280906802E-004
   4646.8380000000006        1.9715708691042685E-004   1.6916640824159266E-004
   4650.8370000000004        1.8749479676819341E-004   1.2840810915837052E-004
   4654.8360000000002        1.8625270380171220E-004   5.4074120109724573E-005
   4658.8350000000009        1.9376697078661204E-004  -5.4535998607406692E-005
   4662.8340000000007        2.0989344716902889E-004  -1.9712637361839273E-004
   4666.8330000000005        2.3413543992414213E-004  -3.7119593708773261E-004
   4670.8320000000012        2.6586465241389845E-004  -5.7427782309207333E-004
   4674.8310000000010        3.0407065367481077E-004  -8.0195100716140208E-004
   4678.8300000000008        3.4758542177907106E-004  -1.0489131464597331E-003
   4682.8290000000006        3.9509986138623902E-004  -1.3103475664666528E-003
   4686.8280000000004        4.4510516629674683E-004  -1.5784603449386981E-003
   4690.8270000000002        4.9607565071101080E-004  -1.8483542360387896E-003
   4694.8260000000000        5.4647080250670829E-004  -2.1116706954707387E-003
   4698.8250000000007        5.9469845325600820E-004  -2.3628988275100822E-003
   4702.8240000000005        6.3932209345004913E-004  -2.5949023680340595E-003
   4706.8230000000003        6.7898059619284903E-004  -2.8018648617522991E-003
   4710.8220000000010        7.1237394199545156E-004  -2.9783814084292683E-003
   4714.8210000000008        7.3859380596214604E-004  -3.1195974985341337E-003
   4718.8200000000006        7.5666686093103373E-004  -3.2216451202094899E-003
   4722.8190000000004        7.6602270106079470E-004  -3.2815196928421804E-003
   4726.8180000000011        7.6637766385302209E-004  -3.2971973963788793E-003
   4730.8170000000009        7.5731928646529355E-004  -3.2674730013768612E-003
   4734.8160000000007        7.3933943406147219E-004  -3.1926139083538908E-003
   4738.8150000000014        7.1228559876598298E-004  -3.0728920578152437E-003
   4742.8140000000003        6.7710048619056993E-004  -2.9106964052340832E-003
   4746.8130000000001        6.3418155594628851E-004  -2.7080978840373993E-003
   4750.8120000000008        5.8458254001473220E-004  -2.4685272624016602E-003
   4754.8110000000006        5.2924603620550272E-004  -2.1961739936728350E-003
   4758.8100000000004        4.6930868778193388E-004  -1.8949232702130030E-003
   4762.8090000000002        4.0596834460631542E-004  -1.5700987121443247E-003
   4766.8080000000009        3.4047819917570416E-004  -1.2265931392463861E-003
   4770.8070000000007        2.7408210739005256E-004  -8.6913352882927596E-004
   4774.8060000000005        2.0798145357569834E-004  -5.0393497525841010E-004
   4778.8050000000012        1.4346157974571601E-004  -1.3456834281621834E-004
   4782.8040000000010        8.1432027902948075E-005   2.3273210466698735E-004
   4786.8030000000008        2.3123503600922037E-005   5.9481333818826138E-004
   4790.8020000000006       -3.0845515770765947E-005   9.4689340493531843E-004
   4794.8010000000013       -7.9589943016371357E-005   1.2861419375687386E-003
   4798.8000000000002       -1.2262691076839617E-004   1.6093956109293674E-003
   4802.7990000000000       -1.5964782353216584E-004   1.9150081368776730E-003
   4806.7980000000007       -1.9035458285725432E-004   2.2011196729316788E-003
   4810.7970000000005       -2.1484777587665256E-004   2.4673662920327338E-003
   4814.7960000000003       -2.3331888991317851E-004   2.7138440765259800E-003
   4818.7950000000010       -2.4600898980178766E-004   2.9406250022924272E-003
   4822.7940000000008       -2.5366889521288659E-004   3.1501639343922611E-003
   4826.7930000000006       -2.5669563052826971E-004   3.3427210408848128E-003
   4830.7920000000004       -2.5612222202456346E-004   3.5222963356739217E-003
   4834.7910000000011       -2.5266654656191110E-004   3.6900534283445937E-003
   4838.7900000000009       -2.4738539561225197E-004   3.8499161394762492E-003
   4842.7890000000007       -2.4116901037232006E-004   4.0043012698385890E-003
   4846.7880000000014       -2.3512300561591754E-004   4.1563656595349366E-003
   4850.7870000000012       -2.3002077612673512E-004   4.3087911123388988E-003
   4854.7860000000001       -2.2689372982842053E-004   4.4641758759726589E-003
   4858.7849999999999       -2.2642941722541589E-004   4.6243727520560510E-003
   4862.7840000000006       -2.2918872799229423E-004   4.7910994901718563E-003
   4866.7830000000004       -2.3588860790599810E-004   4.9651849532131569E-003
   4870.7820000000002       -2.4642020695564106E-004   5.1465388481054218E-003
   4874.7810000000009       -2.6132885931138129E-004   5.3351065424313386E-003
   4878.7800000000007       -2.8003794632718585E-004   5.5287245574841791E-003
   4882.7790000000005       -3.0256423837587737E-004   5.7258431385191879E-003
   4886.7780000000012       -3.2808085061601520E-004   5.9231038743001530E-003
   4890.7770000000010       -3.5603148519141562E-004   6.1168302263934693E-003
   4894.7760000000007       -3.8531824621829125E-004   6.3030233076512496E-003
   4898.7750000000005       -4.1502953456743874E-004   6.4767569950986634E-003
   4902.7740000000013       -4.4384202568043359E-004   6.6328544968673403E-003
   4906.7730000000010       -4.7054414451765103E-004   6.7666861573980053E-003
   4910.7719999999999       -4.9394604913118880E-004   6.8723045046977056E-003
   4914.7710000000006       -5.1254986789046691E-004   6.9457253805879117E-003
   4918.7700000000004       -5.2555129559719329E-004   6.9818891134175460E-003
   4922.7690000000002       -5.3147309323534932E-004   6.9774402426340228E-003
   4926.7680000000009       -5.2987592711223276E-004   6.9293916607327611E-003
   4930.7670000000007       -5.1977776660457943E-004   6.8360517535061751E-003
   4934.7660000000005       -5.0106440211192716E-004   6.6964444349348791E-003
   4938.7650000000003       -4.7347890607119496E-004   6.5116364956381897E-003
   4942.7640000000010       -4.3739168887865646E-004   6.2830177000537174E-003
   4946.7630000000008       -3.9324112810938401E-004   6.0140170849269300E-003
   4950.7620000000006       -3.4201141945922791E-004   5.7094584077953935E-003
   4954.7610000000013       -2.8483648486651321E-004   5.3741450320691064E-003
   4958.7600000000011       -2.2313621543959309E-004   5.0161531687521093E-003
   4962.7590000000009       -1.5879045950891406E-004   4.6417490841167341E-003
   4966.7579999999998       -9.3396017061434146E-005   4.2603653155326958E-003
   4970.7570000000005       -2.9315249673084704E-005   3.8798494224379946E-003
   4974.7560000000003        3.1706328654969787E-005   3.5095892152601886E-003
   4978.7550000000001        8.7361113911562440E-005   3.1575427519804780E-003
   4982.7540000000008        1.3585141722802148E-004   2.8324916967499441E-003
   4986.7530000000006        1.7526673056843025E-004   2.5409358001659272E-003
   4990.7520000000004        2.0416254666729208E-004   2.2895070843802442E-003
   4994.7510000000011        2.2118800679585764E-004   2.0829286347559283E-003
   4998.7500000000009        2.2560481897759073E-004   1.9237007565434758E-003
   5002.7490000000007        2.1690660642278468E-004   1.8144156258235004E-003
   5006.7480000000005        1.9508270263189306E-004   1.7531270809367726E-003
   5010.7470000000012        1.6077113082955529E-004   1.7388844177778590E-003
   5014.7460000000010        1.1471469221582898E-004   1.7661418668085309E-003
   5018.7450000000008        5.8634359026311205E-005   1.8297535371277222E-003
   5022.7440000000006       -5.8428968992123904E-006   1.9211241154049718E-003
   5026.7430000000004       -7.6275381955855559E-005   2.0319041281034161E-003
   5030.7420000000002       -1.5005604650305247E-004   2.1432794504118425E-003
   5034.7410000000009       -2.1620725795018237E-004   2.1649827563897314E-003
   5038.7400000000007       -2.3351595414236012E-004   1.9061719377046673E-003
   5042.7390000000005       -1.5422337012516212E-004   1.3790022665608687E-003
   5046.7380000000003       -4.4929260347067760E-005   1.0102703120248859E-003
   5050.7370000000010       -6.5834888540612256E-005   2.5991632998637911E-004
   5054.7360000000008       -1.5336252002815578E-005   7.0655526132201368E-006
   5058.7350000000006       -3.1039554244141169E-007  -1.1723846221794286E-007
   5062.7340000000013        3.0285408961696499E-009  -2.3674441660484362E-009
