   3379.1550000000007        0.0000000000000000        0.0000000000000000     
   3383.1540000000005        0.0000000000000000        0.0000000000000000     
   3387.1530000000002        0.0000000000000000        0.0000000000000000     
   3391.1520000000005        0.0000000000000000        0.0000000000000000     
   3395.1510000000003        0.0000000000000000        0.0000000000000000     
   3399.1500000000005        0.0000000000000000        0.0000000000000000     
   3403.1490000000008        0.0000000000000000        0.0000000000000000     
   3407.1480000000006        0.0000000000000000        0.0000000000000000     
   3411.1470000000004        0.0000000000000000        0.0000000000000000     
   3415.1460000000002        0.0000000000000000        0.0000000000000000     
   3419.1450000000004        0.0000000000000000        0.0000000000000000     
   3423.1440000000007        0.0000000000000000        0.0000000000000000     
   3427.1430000000005        0.0000000000000000        0.0000000000000000     
   3431.1420000000007        0.0000000000000000        0.0000000000000000     
   3435.1410000000005        0.0000000000000000        0.0000000000000000     
   3439.1400000000003        0.0000000000000000        0.0000000000000000     
   3443.1390000000001        0.0000000000000000        0.0000000000000000     
   3447.1380000000004        0.0000000000000000        0.0000000000000000     
   3451.1370000000006        0.0000000000000000        0.0000000000000000     
   3455.1360000000004        0.0000000000000000        0.0000000000000000     
   3459.1350000000007        0.0000000000000000        0.0000000000000000     
   3463.1340000000005        0.0000000000000000        0.0000000000000000     
   3467.1330000000003        0.0000000000000000        0.0000000000000000     
   3471.1320000000005        0.0000000000000000        0.0000000000000000     
   3475.1310000000003        0.0000000000000000        0.0000000000000000     
   3479.1300000000006        0.0000000000000000        0.0000000000000000     
   3483.1290000000004        0.0000000000000000        0.0000000000000000     
   3487.1280000000006        0.0000000000000000        0.0000000000000000     
   3491.1270000000009        0.0000000000000000        0.0000000000000000     
   3495.1260000000002        0.0000000000000000        0.0000000000000000     
   3499.1250000000005        0.0000000000000000        0.0000000000000000     
   3503.1240000000003        0.0000000000000000        0.0000000000000000     
   3507.1230000000005        0.0000000000000000        0.0000000000000000     
   3511.1220000000008        0.0000000000000000        0.0000000000000000     
   3515.1210000000005        0.0000000000000000        0.0000000000000000     
   3519.1200000000008        0.0000000000000000        0.0000000000000000     
   3523.1190000000001        0.0000000000000000        0.0000000000000000     
   3527.1180000000004        0.0000000000000000        0.0000000000000000     
   3531.1170000000002        0.0000000000000000        0.0000000000000000     
   3535.1160000000004        0.0000000000000000        0.0000000000000000     
   3539.1150000000007        0.0000000000000000        0.0000000000000000     
   3543.1140000000005        0.0000000000000000        0.0000000000000000     
   3547.1130000000007        0.0000000000000000        0.0000000000000000     
   3551.1120000000001        0.0000000000000000        0.0000000000000000     
   3555.1110000000003        0.0000000000000000        0.0000000000000000     
   3559.1100000000006        0.0000000000000000        0.0000000000000000     
   3563.1090000000004        0.0000000000000000        0.0000000000000000     
   3567.1080000000006        0.0000000000000000        0.0000000000000000     
   3571.1070000000004        0.0000000000000000        0.0000000000000000     
   3575.1060000000007        0.0000000000000000        0.0000000000000000     
   3579.1050000000005        0.0000000000000000        0.0000000000000000     
   3583.1040000000003        0.0000000000000000        0.0000000000000000     
   3587.1030000000005        0.0000000000000000        0.0000000000000000     
   3591.1020000000003        0.0000000000000000        0.0000000000000000     
   3595.1010000000006        0.0000000000000000        0.0000000000000000     
   3599.1000000000008        0.0000000000000000        0.0000000000000000     
   3603.0990000000006        0.0000000000000000        0.0000000000000000     
   3607.0980000000004        0.0000000000000000        0.0000000000000000     
   3611.0970000000002        0.0000000000000000        0.0000000000000000     
   3615.0960000000005        0.0000000000000000        0.0000000000000000     
   3619.0950000000007        0.0000000000000000        0.0000000000000000     
   3623.0940000000005        0.0000000000000000        0.0000000000000000     
   3627.0930000000008        0.0000000000000000        0.0000000000000000     
   3631.0920000000006        0.0000000000000000        0.0000000000000000     
   3635.0910000000003        0.0000000000000000        0.0000000000000000     
   3639.0900000000001        0.0000000000000000        0.0000000000000000     
   3643.0890000000004        0.0000000000000000        0.0000000000000000     
   3647.0880000000006        0.0000000000000000        0.0000000000000000     
   3651.0870000000004        0.0000000000000000        0.0000000000000000     
   3655.0860000000007        0.0000000000000000        0.0000000000000000     
   3659.0850000000005        0.0000000000000000        0.0000000000000000     
   3663.0840000000003        0.0000000000000000        0.0000000000000000     
   3667.0830000000005        0.0000000000000000        0.0000000000000000     
   3671.0820000000003        0.0000000000000000        0.0000000000000000     
   3675.0810000000006        0.0000000000000000        0.0000000000000000     
   3679.0800000000004        0.0000000000000000        0.0000000000000000     
   3683.0790000000006        0.0000000000000000        0.0000000000000000     
   3687.0780000000009        0.0000000000000000        0.0000000000000000     
   3691.0770000000002        0.0000000000000000        0.0000000000000000     
   3695.0760000000005        0.0000000000000000        0.0000000000000000     
   3699.0750000000003        0.0000000000000000        0.0000000000000000     
   3703.0740000000005        0.0000000000000000        0.0000000000000000     
   3707.0730000000008        0.0000000000000000        0.0000000000000000     
   3711.0720000000006        0.0000000000000000        0.0000000000000000     
   3715.0710000000008        0.0000000000000000        0.0000000000000000     
   3719.0700000000002        0.0000000000000000        0.0000000000000000     
   3723.0690000000004        0.0000000000000000        0.0000000000000000     
   3727.0680000000002        0.0000000000000000        0.0000000000000000     
   3731.0670000000005        0.0000000000000000        0.0000000000000000     
   3735.0660000000007        0.0000000000000000        0.0000000000000000     
   3739.0650000000005        0.0000000000000000        0.0000000000000000     
   3743.0640000000008        0.0000000000000000        0.0000000000000000     
   3747.0630000000001        0.0000000000000000        0.0000000000000000     
   3751.0620000000004        0.0000000000000000        0.0000000000000000     
   3755.0610000000006        0.0000000000000000        0.0000000000000000     
   3759.0600000000004        0.0000000000000000        0.0000000000000000     
   3763.0590000000007        0.0000000000000000        0.0000000000000000     
   3767.0580000000004        0.0000000000000000        0.0000000000000000     
   3771.0570000000007        0.0000000000000000        0.0000000000000000     
   3775.0560000000005        0.0000000000000000        0.0000000000000000     
   3779.0550000000003        0.0000000000000000        0.0000000000000000     
   3783.0540000000005        0.0000000000000000        0.0000000000000000     
   3787.0530000000003        0.0000000000000000        0.0000000000000000     
   3791.0520000000006        0.0000000000000000        0.0000000000000000     
   3795.0510000000008        0.0000000000000000        0.0000000000000000     
   3799.0500000000006        0.0000000000000000        0.0000000000000000     
   3803.0490000000004        0.0000000000000000        0.0000000000000000     
   3807.0480000000002        0.0000000000000000        0.0000000000000000     
   3811.0470000000005        0.0000000000000000        0.0000000000000000     
   3815.0460000000007        0.0000000000000000        0.0000000000000000     
   3819.0450000000005        0.0000000000000000        0.0000000000000000     
   3823.0440000000008        0.0000000000000000        0.0000000000000000     
   3827.0430000000006        0.0000000000000000        0.0000000000000000     
   3831.0420000000008        0.0000000000000000        0.0000000000000000     
   3835.0410000000006        0.0000000000000000        0.0000000000000000     
   3839.0400000000009        0.0000000000000000        0.0000000000000000     
   3843.0390000000002        0.0000000000000000        0.0000000000000000     
   3847.0380000000000        0.0000000000000000        0.0000000000000000     
   3851.0370000000003        0.0000000000000000        0.0000000000000000     
   3855.0360000000001        0.0000000000000000        0.0000000000000000     
   3859.0350000000003        0.0000000000000000        0.0000000000000000     
   3863.0340000000006        0.0000000000000000        0.0000000000000000     
   3867.0330000000004        0.0000000000000000        0.0000000000000000     
   3871.0320000000006        0.0000000000000000        0.0000000000000000     
   3875.0310000000004        0.0000000000000000        0.0000000000000000     
   3879.0300000000007        0.0000000000000000        0.0000000000000000     
   3883.0290000000009        0.0000000000000000        0.0000000000000000     
   3887.0280000000007        0.0000000000000000        0.0000000000000000     
   3891.0270000000010        0.0000000000000000        0.0000000000000000     
   3895.0260000000007        0.0000000000000000        0.0000000000000000     
   3899.0250000000001        0.0000000000000000        0.0000000000000000     
   3903.0240000000003        0.0000000000000000        0.0000000000000000     
   3907.0230000000001        0.0000000000000000        0.0000000000000000     
   3911.0220000000004        0.0000000000000000        0.0000000000000000     
   3915.0210000000002        0.0000000000000000        0.0000000000000000     
   3919.0200000000004        0.0000000000000000        0.0000000000000000     
   3923.0190000000002        0.0000000000000000        0.0000000000000000     
   3927.0180000000005        0.0000000000000000        0.0000000000000000     
   3931.0170000000007        0.0000000000000000        0.0000000000000000     
   3935.0160000000005        0.0000000000000000        0.0000000000000000     
   3939.0150000000008        0.0000000000000000        0.0000000000000000     
   3943.0140000000006        0.0000000000000000        0.0000000000000000     
   3947.0130000000008        0.0000000000000000        0.0000000000000000     
   3951.0120000000011        0.0000000000000000        0.0000000000000000     
   3955.0110000000000        0.0000000000000000        0.0000000000000000     
   3959.0100000000002        0.0000000000000000        0.0000000000000000     
   3963.0090000000000        0.0000000000000000        0.0000000000000000     
   3967.0080000000003        0.0000000000000000        0.0000000000000000     
   3971.0070000000005        0.0000000000000000        0.0000000000000000     
   3975.0060000000003        0.0000000000000000        0.0000000000000000     
   3979.0050000000006        0.0000000000000000        0.0000000000000000     
   3983.0040000000004        0.0000000000000000        0.0000000000000000     
   3987.0030000000006        0.0000000000000000        0.0000000000000000     
   3991.0020000000009        0.0000000000000000        0.0000000000000000     
   3995.0010000000007        0.0000000000000000        0.0000000000000000     
   3999.0000000000009        0.0000000000000000        0.0000000000000000     
   4002.9990000000007        0.0000000000000000        0.0000000000000000     
   4006.9980000000010        0.0000000000000000        0.0000000000000000     
   4010.9970000000003        0.0000000000000000        0.0000000000000000     
   4014.9960000000001        0.0000000000000000        0.0000000000000000     
   4018.9950000000003        0.0000000000000000        0.0000000000000000     
   4022.9940000000001        0.0000000000000000        0.0000000000000000     
   4026.9930000000004        0.0000000000000000        0.0000000000000000     
   4030.9920000000002        0.0000000000000000        0.0000000000000000     
   4034.9910000000004        0.0000000000000000        0.0000000000000000     
   4038.9900000000007        0.0000000000000000        0.0000000000000000     
   4042.9890000000005        0.0000000000000000        0.0000000000000000     
   4046.9880000000007        0.0000000000000000        0.0000000000000000     
   4050.9870000000005        0.0000000000000000        0.0000000000000000     
   4054.9860000000008        0.0000000000000000        0.0000000000000000     
   4058.9850000000010        0.0000000000000000        0.0000000000000000     
   4062.9840000000008        0.0000000000000000        0.0000000000000000     
   4066.9830000000002        0.0000000000000000        0.0000000000000000     
   4070.9820000000000        0.0000000000000000        0.0000000000000000     
   4074.9810000000002        0.0000000000000000        0.0000000000000000     
   4078.9800000000005        0.0000000000000000        0.0000000000000000     
   4082.9790000000003        0.0000000000000000        0.0000000000000000     
   4086.9780000000005        0.0000000000000000        0.0000000000000000     
   4090.9770000000003        0.0000000000000000        0.0000000000000000     
   4094.9760000000006        0.0000000000000000        0.0000000000000000     
   4098.9750000000004        0.0000000000000000        0.0000000000000000     
   4102.9740000000011        0.0000000000000000        0.0000000000000000     
   4106.9730000000009        0.0000000000000000        0.0000000000000000     
   4110.9720000000007        0.0000000000000000        0.0000000000000000     
   4114.9710000000005        0.0000000000000000        0.0000000000000000     
   4118.9700000000012        0.0000000000000000        0.0000000000000000     
   4122.9690000000010        0.0000000000000000        0.0000000000000000     
   4126.9679999999998        0.0000000000000000        0.0000000000000000     
   4130.9670000000006        0.0000000000000000        0.0000000000000000     
   4134.9660000000003        0.0000000000000000        0.0000000000000000     
   4138.9650000000001        0.0000000000000000        0.0000000000000000     
   4142.9640000000009        0.0000000000000000        0.0000000000000000     
   4146.9630000000006        0.0000000000000000        0.0000000000000000     
   4150.9620000000004        0.0000000000000000        0.0000000000000000     
   4154.9610000000002        0.0000000000000000        0.0000000000000000     
   4158.9600000000009        0.0000000000000000        0.0000000000000000     
   4162.9590000000007        0.0000000000000000        0.0000000000000000     
   4166.9580000000005        0.0000000000000000        0.0000000000000000     
   4170.9570000000012        0.0000000000000000        0.0000000000000000     
   4174.9560000000010        0.0000000000000000        0.0000000000000000     
   4178.9550000000008        0.0000000000000000        0.0000000000000000     
   4182.9540000000006        0.0000000000000000        0.0000000000000000     
   4186.9530000000004        0.0000000000000000        0.0000000000000000     
   4190.9520000000002        0.0000000000000000        0.0000000000000000     
   4194.9510000000000        0.0000000000000000        0.0000000000000000     
   4198.9500000000007        0.0000000000000000        0.0000000000000000     
   4202.9490000000005        0.0000000000000000        0.0000000000000000     
   4206.9480000000003        0.0000000000000000        0.0000000000000000     
   4210.9470000000010        0.0000000000000000        0.0000000000000000     
   4214.9460000000008        0.0000000000000000        0.0000000000000000     
   4218.9450000000006        0.0000000000000000        0.0000000000000000     
   4222.9440000000004        0.0000000000000000        0.0000000000000000     
   4226.9430000000011        0.0000000000000000        0.0000000000000000     
   4230.9420000000009        0.0000000000000000        0.0000000000000000     
   4234.9410000000007        0.0000000000000000        0.0000000000000000     
   4238.9400000000005        0.0000000000000000        0.0000000000000000     
   4242.9390000000003        0.0000000000000000        0.0000000000000000     
   4246.9380000000001        0.0000000000000000        0.0000000000000000     
   4250.9370000000008        0.0000000000000000        0.0000000000000000     
   4254.9360000000006        0.0000000000000000        0.0000000000000000     
   4258.9350000000004        0.0000000000000000        0.0000000000000000     
   4262.9340000000002        0.0000000000000000        0.0000000000000000     
   4266.9330000000009        0.0000000000000000        0.0000000000000000     
   4270.9320000000007        0.0000000000000000        0.0000000000000000     
   4274.9310000000005        0.0000000000000000        0.0000000000000000     
   4278.9300000000012        0.0000000000000000        0.0000000000000000     
   4282.9290000000010        0.0000000000000000        0.0000000000000000     
   4286.9280000000008        0.0000000000000000        0.0000000000000000     
   4290.9270000000006        0.0000000000000000        0.0000000000000000     
   4294.9260000000004        0.0000000000000000        0.0000000000000000     
   4298.9250000000002        0.0000000000000000        0.0000000000000000     
   4302.9240000000000        0.0000000000000000        0.0000000000000000     
   4306.9230000000007        0.0000000000000000        0.0000000000000000     
   4310.9220000000005        0.0000000000000000        0.0000000000000000     
   4314.9210000000003        0.0000000000000000        0.0000000000000000     
   4318.9200000000010        0.0000000000000000        0.0000000000000000     
   4322.9190000000008        0.0000000000000000        0.0000000000000000     
   4326.9180000000006        0.0000000000000000        0.0000000000000000     
   4330.9170000000004        0.0000000000000000        0.0000000000000000     
   4334.9160000000011        0.0000000000000000        0.0000000000000000     
   4338.9150000000009        0.0000000000000000        0.0000000000000000     
   4342.9140000000007        0.0000000000000000        0.0000000000000000     
   4346.9130000000014        0.0000000000000000        0.0000000000000000     
   4350.9120000000003        0.0000000000000000        0.0000000000000000     
   4354.9110000000001        0.0000000000000000        0.0000000000000000     
   4358.9100000000008        0.0000000000000000        0.0000000000000000     
   4362.9090000000006        0.0000000000000000        0.0000000000000000     
   4366.9080000000004        0.0000000000000000        0.0000000000000000     
   4370.9070000000002        0.0000000000000000        0.0000000000000000     
   4374.9060000000009        0.0000000000000000        0.0000000000000000     
   4378.9050000000007        0.0000000000000000        0.0000000000000000     
   4382.9040000000005        0.0000000000000000        0.0000000000000000     
   4386.9030000000012        0.0000000000000000        0.0000000000000000     
   4390.9020000000010        0.0000000000000000        0.0000000000000000     
   4394.9010000000007        0.0000000000000000        0.0000000000000000     
   4398.9000000000005        0.0000000000000000        0.0000000000000000     
   4402.8990000000013        0.0000000000000000        0.0000000000000000     
   4406.8980000000001        0.0000000000000000        0.0000000000000000     
   4410.8969999999999        0.0000000000000000        0.0000000000000000     
   4414.8960000000006        0.0000000000000000        0.0000000000000000     
   4418.8950000000004        0.0000000000000000        0.0000000000000000     
   4422.8940000000002        0.0000000000000000        0.0000000000000000     
   4426.8930000000009        0.0000000000000000        0.0000000000000000     
   4430.8920000000007        0.0000000000000000        0.0000000000000000     
   4434.8910000000005        0.0000000000000000        0.0000000000000000     
   4438.8900000000003        0.0000000000000000        0.0000000000000000     
   4442.8890000000010        0.0000000000000000        0.0000000000000000     
   4446.8880000000008        0.0000000000000000        0.0000000000000000     
   4450.8870000000006        0.0000000000000000        0.0000000000000000     
   4454.8860000000013        0.0000000000000000        0.0000000000000000     
   4458.8850000000011        0.0000000000000000        0.0000000000000000     
   4462.8840000000000        0.0000000000000000        0.0000000000000000     
   4466.8830000000007        0.0000000000000000        0.0000000000000000     
   4470.8820000000005        0.0000000000000000        0.0000000000000000     
   4474.8810000000003        0.0000000000000000        0.0000000000000000     
   4478.8800000000001        0.0000000000000000        0.0000000000000000     
   4482.8790000000008        0.0000000000000000        0.0000000000000000     
   4486.8780000000006        0.0000000000000000        0.0000000000000000     
   4490.8770000000004        0.0000000000000000        0.0000000000000000     
   4494.8760000000011        0.0000000000000000        0.0000000000000000     
   4498.8750000000009        0.0000000000000000        0.0000000000000000     
   4502.8740000000007        0.0000000000000000        0.0000000000000000     
   4506.8730000000005        0.0000000000000000        0.0000000000000000     
   4510.8720000000012        0.0000000000000000        0.0000000000000000     
   4514.8710000000010        0.0000000000000000        0.0000000000000000     
   4518.8699999999999        0.0000000000000000        0.0000000000000000     
   4522.8690000000006        0.0000000000000000        0.0000000000000000     
   4526.8680000000004        0.0000000000000000        0.0000000000000000     
   4530.8670000000002        0.0000000000000000        0.0000000000000000     
   4534.8660000000009        0.0000000000000000        0.0000000000000000     
   4538.8650000000007        0.0000000000000000        0.0000000000000000     
   4542.8640000000005        0.0000000000000000        0.0000000000000000     
   4546.8630000000003        0.0000000000000000        0.0000000000000000     
   4550.8620000000010        0.0000000000000000        0.0000000000000000     
   4554.8610000000008        0.0000000000000000        0.0000000000000000     
   4558.8600000000006        0.0000000000000000        0.0000000000000000     
   4562.8590000000013        0.0000000000000000        0.0000000000000000     
   4566.8580000000011        0.0000000000000000        0.0000000000000000     
   4570.8570000000009        0.0000000000000000        0.0000000000000000     
   4574.8559999999998        0.0000000000000000        0.0000000000000000     
   4578.8550000000005        0.0000000000000000        0.0000000000000000     
   4582.8540000000003        0.0000000000000000        0.0000000000000000     
   4586.8530000000001        0.0000000000000000        0.0000000000000000     
   4590.8520000000008        0.0000000000000000        0.0000000000000000     
   4594.8510000000006        0.0000000000000000        0.0000000000000000     
   4598.8500000000004        0.0000000000000000        0.0000000000000000     
   4602.8490000000011        0.0000000000000000        0.0000000000000000     
   4606.8480000000009        0.0000000000000000        0.0000000000000000     
   4610.8470000000007        0.0000000000000000        0.0000000000000000     
   4614.8460000000005        0.0000000000000000        0.0000000000000000     
   4618.8450000000012        0.0000000000000000        0.0000000000000000     
   4622.8440000000010        0.0000000000000000        0.0000000000000000     
   4626.8430000000008        0.0000000000000000        0.0000000000000000     
   4630.8420000000006        0.0000000000000000        0.0000000000000000     
   4634.8410000000003        0.0000000000000000        0.0000000000000000     
   4638.8400000000001        0.0000000000000000        0.0000000000000000     
   4642.8390000000009        0.0000000000000000        0.0000000000000000     
   4646.8380000000006        0.0000000000000000        0.0000000000000000     
   4650.8370000000004        0.0000000000000000        0.0000000000000000     
   4654.8360000000002        0.0000000000000000        0.0000000000000000     
   4658.8350000000009        0.0000000000000000        0.0000000000000000     
   4662.8340000000007        0.0000000000000000        0.0000000000000000     
   4666.8330000000005        0.0000000000000000        0.0000000000000000     
   4670.8320000000012        0.0000000000000000        0.0000000000000000     
   4674.8310000000010        0.0000000000000000        0.0000000000000000     
   4678.8300000000008        0.0000000000000000        0.0000000000000000     
   4682.8290000000006        0.0000000000000000        0.0000000000000000     
   4686.8280000000004        0.0000000000000000        0.0000000000000000     
   4690.8270000000002        0.0000000000000000        0.0000000000000000     
   4694.8260000000000        0.0000000000000000        0.0000000000000000     
   4698.8250000000007        0.0000000000000000        0.0000000000000000     
   4702.8240000000005        0.0000000000000000        0.0000000000000000     
   4706.8230000000003        0.0000000000000000        0.0000000000000000     
   4710.8220000000010        0.0000000000000000        0.0000000000000000     
   4714.8210000000008        0.0000000000000000        0.0000000000000000     
   4718.8200000000006        0.0000000000000000        0.0000000000000000     
   4722.8190000000004        0.0000000000000000        0.0000000000000000     
   4726.8180000000011        0.0000000000000000        0.0000000000000000     
   4730.8170000000009        0.0000000000000000        0.0000000000000000     
   4734.8160000000007        0.0000000000000000        0.0000000000000000     
   4738.8150000000014        0.0000000000000000        0.0000000000000000     
   4742.8140000000003        0.0000000000000000        0.0000000000000000     
   4746.8130000000001        0.0000000000000000        0.0000000000000000     
   4750.8120000000008        0.0000000000000000        0.0000000000000000     
   4754.8110000000006        0.0000000000000000        0.0000000000000000     
   4758.8100000000004        0.0000000000000000        0.0000000000000000     
   4762.8090000000002        0.0000000000000000        0.0000000000000000     
   4766.8080000000009        0.0000000000000000        0.0000000000000000     
   4770.8070000000007        0.0000000000000000        0.0000000000000000     
   4774.8060000000005        0.0000000000000000        0.0000000000000000     
   4778.8050000000012        0.0000000000000000        0.0000000000000000     
   4782.8040000000010        0.0000000000000000        0.0000000000000000     
   4786.8030000000008        0.0000000000000000        0.0000000000000000     
   4790.8020000000006        0.0000000000000000        0.0000000000000000     
   4794.8010000000013        0.0000000000000000        0.0000000000000000     
   4798.8000000000002        0.0000000000000000        0.0000000000000000     
   4802.7990000000000        0.0000000000000000        0.0000000000000000     
   4806.7980000000007        0.0000000000000000        0.0000000000000000     
   4810.7970000000005        0.0000000000000000        0.0000000000000000     
   4814.7960000000003        0.0000000000000000        0.0000000000000000     
   4818.7950000000010        0.0000000000000000        0.0000000000000000     
   4822.7940000000008        0.0000000000000000        0.0000000000000000     
   4826.7930000000006        0.0000000000000000        0.0000000000000000     
   4830.7920000000004        0.0000000000000000        0.0000000000000000     
   4834.7910000000011        0.0000000000000000        0.0000000000000000     
   4838.7900000000009        0.0000000000000000        0.0000000000000000     
   4842.7890000000007        0.0000000000000000        0.0000000000000000     
   4846.7880000000014        0.0000000000000000        0.0000000000000000     
   4850.7870000000012        0.0000000000000000        0.0000000000000000     
   4854.7860000000001        0.0000000000000000        0.0000000000000000     
   4858.7849999999999        0.0000000000000000        0.0000000000000000     
   4862.7840000000006        0.0000000000000000        0.0000000000000000     
   4866.7830000000004        0.0000000000000000        0.0000000000000000     
   4870.7820000000002        0.0000000000000000        0.0000000000000000     
   4874.7810000000009        0.0000000000000000        0.0000000000000000     
   4878.7800000000007        0.0000000000000000        0.0000000000000000     
   4882.7790000000005        0.0000000000000000        0.0000000000000000     
   4886.7780000000012        0.0000000000000000        0.0000000000000000     
   4890.7770000000010        0.0000000000000000        0.0000000000000000     
   4894.7760000000007        0.0000000000000000        0.0000000000000000     
   4898.7750000000005        0.0000000000000000        0.0000000000000000     
   4902.7740000000013        0.0000000000000000        0.0000000000000000     
   4906.7730000000010        0.0000000000000000        0.0000000000000000     
   4910.7719999999999        0.0000000000000000        0.0000000000000000     
   4914.7710000000006        0.0000000000000000        0.0000000000000000     
   4918.7700000000004        0.0000000000000000        0.0000000000000000     
   4922.7690000000002        0.0000000000000000        0.0000000000000000     
   4926.7680000000009        0.0000000000000000        0.0000000000000000     
   4930.7670000000007        0.0000000000000000        0.0000000000000000     
   4934.7660000000005        0.0000000000000000        0.0000000000000000     
   4938.7650000000003        0.0000000000000000        0.0000000000000000     
   4942.7640000000010        0.0000000000000000        0.0000000000000000     
   4946.7630000000008        0.0000000000000000        0.0000000000000000     
   4950.7620000000006        0.0000000000000000        0.0000000000000000     
   4954.7610000000013        0.0000000000000000        0.0000000000000000     
   4958.7600000000011        0.0000000000000000        0.0000000000000000     
   4962.7590000000009        0.0000000000000000        0.0000000000000000     
   4966.7579999999998        0.0000000000000000        0.0000000000000000     
   4970.7570000000005        0.0000000000000000        0.0000000000000000     
   4974.7560000000003        0.0000000000000000        0.0000000000000000     
   4978.7550000000001        0.0000000000000000        0.0000000000000000     
   4982.7540000000008        0.0000000000000000        0.0000000000000000     
   4986.7530000000006        0.0000000000000000        0.0000000000000000     
   4990.7520000000004        0.0000000000000000        0.0000000000000000     
   4994.7510000000011        0.0000000000000000        0.0000000000000000     
   4998.7500000000009        0.0000000000000000        0.0000000000000000     
   5002.7490000000007        0.0000000000000000        0.0000000000000000     
   5006.7480000000005        0.0000000000000000        0.0000000000000000     
   5010.7470000000012        0.0000000000000000        0.0000000000000000     
   5014.7460000000010        0.0000000000000000        0.0000000000000000     
   5018.7450000000008        0.0000000000000000        0.0000000000000000     
   5022.7440000000006        0.0000000000000000        0.0000000000000000     
   5026.7430000000004        0.0000000000000000        0.0000000000000000     
   5030.7420000000002        0.0000000000000000        0.0000000000000000     
   5034.7410000000009        0.0000000000000000        0.0000000000000000     
   5038.7400000000007        0.0000000000000000        0.0000000000000000     
   5042.7390000000005        0.0000000000000000        0.0000000000000000     
   5046.7380000000003        0.0000000000000000        0.0000000000000000     
   5050.7370000000010        0.0000000000000000        0.0000000000000000     
   5054.7360000000008        0.0000000000000000        0.0000000000000000     
   5058.7350000000006        0.0000000000000000        0.0000000000000000     
   5062.7340000000013        0.0000000000000000        0.0000000000000000     
